# Fields are number, contacting residues i & j (in library coordinates), and residues i & j (in PDB coordinates)
# n	i	j	pdbi	pdbj
0	6	7	1	2
1	6	213	1	208
2	7	8	2	3
3	7	17	2	12
4	7	21	2	16
5	7	212	2	207
6	8	9	3	4
7	8	17	3	12
8	8	21	3	16
9	9	10	4	5
10	9	11	4	6
11	9	17	4	12
12	9	19	4	14
13	9	20	4	15
14	10	11	5	6
15	10	12	5	7
16	10	13	5	8
17	10	14	5	9
18	10	15	5	10
19	10	16	5	11
20	10	17	5	12
21	10	19	5	14
22	11	12	6	7
23	11	19	6	14
24	11	20	6	15
25	11	70	6	65
26	12	13	7	8
27	12	14	7	9
28	12	16	7	11
29	12	70	7	65
30	12	71	7	66
31	13	14	8	9
32	14	15	9	10
33	14	16	9	11
34	14	19	9	14
35	15	16	10	11
36	15	17	10	12
37	16	17	11	12
38	16	18	11	13
39	16	19	11	14
40	16	22	11	17
41	16	69	11	64
42	16	70	11	65
43	16	71	11	66
44	16	72	11	67
45	16	75	11	70
46	16	89	11	84
47	17	18	12	13
48	17	19	12	14
49	18	19	13	14
50	18	20	13	15
51	18	21	13	16
52	18	22	13	17
53	18	89	13	84
54	18	211	13	206
55	18	212	13	207
56	18	215	13	210
57	19	20	14	15
58	19	21	14	16
59	19	22	14	17
60	19	70	14	65
61	20	21	15	16
62	20	24	15	19
63	21	22	16	17
64	21	23	16	18
65	21	24	16	19
66	21	212	16	207
67	21	215	16	210
68	21	216	16	211
69	21	219	16	214
70	22	23	17	18
71	22	24	17	19
72	22	25	17	20
73	22	26	17	21
74	22	66	17	61
75	22	69	17	64
76	22	70	17	65
77	22	89	17	84
78	22	92	17	87
79	22	215	17	210
80	23	24	18	19
81	23	25	18	20
82	23	26	18	21
83	23	27	18	22
84	23	70	18	65
85	24	25	19	20
86	24	26	19	21
87	24	27	19	22
88	24	28	19	23
89	24	219	19	214
90	25	26	20	21
91	25	28	20	23
92	25	29	20	24
93	25	66	20	61
94	25	219	20	214
95	26	27	21	22
96	26	28	21	23
97	26	29	21	24
98	26	30	21	25
99	26	66	21	61
100	26	67	21	62
101	26	70	21	65
102	27	28	22	23
103	27	30	22	25
104	27	31	22	26
105	28	29	23	24
106	28	30	23	25
107	28	31	23	26
108	28	219	23	214
109	28	223	23	218
110	29	30	24	25
111	29	32	24	27
112	29	33	24	28
113	29	59	24	54
114	29	62	24	57
115	29	63	24	58
116	29	223	24	218
117	29	226	24	221
118	29	227	24	222
119	30	31	25	26
120	30	32	25	27
121	30	33	25	28
122	30	34	25	29
123	30	63	25	58
124	31	32	26	27
125	31	33	26	28
126	31	35	26	30
127	32	33	27	28
128	32	35	27	30
129	32	36	27	31
130	32	59	27	54
131	32	227	27	222
132	33	34	28	29
133	33	36	28	31
134	33	37	28	32
135	33	56	28	51
136	33	59	28	54
137	33	60	28	55
138	33	63	28	58
139	34	35	29	30
140	34	37	29	32
141	35	36	30	31
142	35	37	30	32
143	35	38	30	33
144	35	39	30	34
145	35	231	30	226
146	36	37	31	32
147	36	38	31	33
148	36	39	31	34
149	36	55	31	50
150	36	56	31	51
151	36	59	31	54
152	36	227	31	222
153	36	230	31	225
154	36	231	31	226
155	36	234	31	229
156	37	38	32	33
157	37	41	32	36
158	37	56	32	51
159	38	39	33	34
160	38	40	33	35
161	38	41	33	36
162	39	40	34	35
163	39	52	34	47
164	39	235	34	230
165	40	41	35	36
166	40	42	35	37
167	40	43	35	38
168	40	52	35	47
169	41	42	36	37
170	42	43	37	38
171	43	44	38	39
172	43	45	38	40
173	43	48	38	43
174	43	52	38	47
175	44	45	39	40
176	45	46	40	41
177	45	47	40	42
178	45	48	40	43
179	45	49	40	44
180	45	240	40	235
181	46	47	41	42
182	46	49	41	44
183	47	48	42	43
184	47	50	42	45
185	47	51	42	46
186	47	112	42	107
187	48	49	43	44
188	48	50	43	45
189	48	51	43	46
190	48	52	43	47
191	48	239	43	234
192	48	240	43	235
193	49	50	44	45
194	49	51	44	46
195	49	52	44	47
196	49	53	44	48
197	50	51	45	46
198	50	52	45	47
199	50	53	45	48
200	50	54	45	49
201	50	109	45	104
202	51	52	46	47
203	51	55	46	50
204	51	106	46	101
205	51	109	46	104
206	51	110	46	105
207	51	173	46	168
208	51	233	46	228
209	51	239	46	234
210	52	53	47	48
211	52	55	47	50
212	52	56	47	51
213	52	234	47	229
214	52	239	47	234
215	53	54	48	49
216	53	55	48	50
217	53	57	48	52
218	54	55	49	50
219	54	57	49	52
220	54	102	49	97
221	54	105	49	100
222	54	106	49	101
223	54	109	49	104
224	55	56	50	51
225	55	58	50	53
226	55	59	50	54
227	55	106	50	101
228	55	230	50	225
229	55	233	50	228
230	55	234	50	229
231	56	57	51	52
232	56	58	51	53
233	56	59	51	54
234	57	58	52	53
235	57	59	52	54
236	57	60	52	55
237	57	61	52	56
238	57	102	52	97
239	58	59	53	54
240	58	60	53	55
241	58	61	53	56
242	58	99	53	94
243	58	102	53	97
244	58	103	53	98
245	58	226	53	221
246	59	60	54	55
247	59	62	54	57
248	59	63	54	58
249	59	226	54	221
250	60	61	55	56
251	60	62	55	57
252	60	63	55	58
253	61	62	56	57
254	61	63	56	58
255	61	64	56	59
256	61	95	56	90
257	61	98	56	93
258	61	99	56	94
259	62	63	57	58
260	62	64	57	59
261	62	65	57	60
262	62	66	57	61
263	62	95	57	90
264	62	226	57	221
265	63	64	58	59
266	63	65	58	60
267	63	67	58	62
268	64	65	59	60
269	64	67	59	62
270	65	66	60	61
271	65	68	60	63
272	65	69	60	64
273	65	95	60	90
274	66	67	61	62
275	66	68	61	63
276	66	69	61	64
277	66	70	61	65
278	66	92	61	87
279	66	218	61	213
280	66	219	61	214
281	66	222	61	217
282	67	68	62	63
283	67	69	62	64
284	67	70	62	65
285	67	71	62	66
286	68	69	63	64
287	68	70	63	65
288	68	74	63	69
289	69	70	64	65
290	69	72	64	67
291	69	74	64	69
292	69	89	64	84
293	69	91	64	86
294	69	92	64	87
295	70	71	65	66
296	70	72	65	67
297	71	72	66	67
298	71	73	66	68
299	72	73	67	68
300	72	74	67	69
301	72	75	67	70
302	73	74	68	69
303	73	90	68	85
304	74	75	69	70
305	74	89	69	84
306	74	90	69	85
307	74	91	69	86
308	75	76	70	71
309	75	87	70	82
310	75	88	70	83
311	75	89	70	84
312	75	90	70	85
313	76	77	71	72
314	76	78	71	73
315	76	88	71	83
316	76	90	71	85
317	76	137	71	132
318	77	78	72	73
319	77	85	72	80
320	77	87	72	82
321	78	79	73	74
322	78	85	73	80
323	78	88	73	83
324	78	137	73	132
325	79	80	74	75
326	79	83	74	78
327	79	139	74	134
328	80	81	75	76
329	80	82	75	77
330	80	83	75	78
331	80	84	75	79
332	80	139	75	134
333	80	144	75	139
334	81	82	76	77
335	81	83	76	78
336	81	139	76	134
337	82	83	77	78
338	82	84	77	79
339	83	84	78	79
340	84	85	79	80
341	84	86	79	81
342	85	86	80	81
343	86	87	81	82
344	86	88	81	83
345	86	144	81	139
346	86	203	81	198
347	86	204	81	199
348	87	88	82	83
349	87	211	82	206
350	88	89	83	84
351	88	90	83	85
352	88	136	83	131
353	88	137	83	132
354	88	144	83	139
355	88	204	83	199
356	89	90	84	85
357	89	91	84	86
358	89	92	84	87
359	89	211	84	206
360	90	91	85	86
361	90	92	85	87
362	90	93	85	88
363	90	133	85	128
364	91	92	86	87
365	91	93	86	88
366	91	94	86	89
367	92	93	87	88
368	92	94	87	89
369	92	95	87	90
370	92	96	87	91
371	92	215	87	210
372	92	218	87	213
373	92	222	87	217
374	93	94	88	89
375	93	95	88	90
376	93	96	88	91
377	93	129	88	124
378	93	132	88	127
379	93	133	88	128
380	93	136	88	131
381	93	199	88	194
382	93	204	88	199
383	94	95	89	90
384	94	97	89	92
385	95	96	90	91
386	95	99	90	94
387	95	226	90	221
388	96	97	91	92
389	96	98	91	93
390	96	99	91	94
391	96	100	91	95
392	96	129	91	124
393	96	195	91	190
394	96	218	91	213
395	96	222	91	217
396	96	226	91	221
397	97	98	92	93
398	97	101	92	96
399	97	126	92	121
400	97	129	92	124
401	97	130	92	125
402	98	99	93	94
403	98	101	93	96
404	98	102	93	97
405	99	100	94	95
406	99	101	94	96
407	99	102	94	97
408	99	103	94	98
409	99	226	94	221
410	100	101	95	96
411	100	102	95	97
412	100	103	95	98
413	100	104	95	99
414	100	125	95	120
415	100	129	95	124
416	100	192	95	187
417	101	102	96	97
418	101	103	96	98
419	101	104	96	99
420	101	105	96	100
421	101	122	96	117
422	101	125	96	120
423	102	103	97	98
424	102	104	97	99
425	102	105	97	100
426	103	104	98	99
427	103	105	98	100
428	103	106	98	101
429	103	192	98	187
430	103	229	98	224
431	104	105	99	100
432	104	106	99	101
433	104	107	99	102
434	104	108	99	103
435	104	121	99	116
436	104	125	99	120
437	104	158	99	153
438	104	192	99	187
439	105	106	100	101
440	105	107	100	102
441	105	108	100	103
442	105	109	100	104
443	105	118	100	113
444	106	107	101	102
445	106	109	101	104
446	106	229	101	224
447	106	233	101	228
448	107	108	102	103
449	107	109	102	104
450	107	110	102	105
451	107	162	102	157
452	107	166	102	161
453	107	181	102	176
454	107	184	102	179
455	107	185	102	180
456	107	188	102	183
457	107	229	102	224
458	108	109	103	104
459	108	110	103	105
460	108	111	103	106
461	108	113	103	108
462	108	118	103	113
463	108	166	103	161
464	109	110	104	105
465	109	111	104	106
466	109	112	104	107
467	110	111	105	106
468	110	173	105	168
469	110	177	105	172
470	110	180	105	175
471	110	181	105	176
472	110	184	105	179
473	110	233	105	228
474	110	238	105	233
475	111	112	106	107
476	111	113	106	108
477	111	166	106	161
478	111	169	106	164
479	111	170	106	165
480	111	173	106	168
481	111	181	106	176
482	112	113	107	108
483	112	173	107	168
484	113	114	108	109
485	113	117	108	112
486	113	118	108	113
487	113	166	108	161
488	113	169	108	164
489	114	115	109	110
490	114	116	109	111
491	114	117	109	112
492	115	116	110	111
493	115	117	110	112
494	115	118	110	113
495	116	117	111	112
496	116	118	111	113
497	116	119	111	114
498	116	120	111	115
499	117	118	112	113
500	117	120	112	115
501	117	121	112	116
502	117	165	112	160
503	117	166	112	161
504	118	119	113	114
505	118	120	113	115
506	118	121	113	116
507	118	122	113	117
508	119	120	114	115
509	119	121	114	116
510	120	121	115	116
511	120	123	115	118
512	120	124	115	119
513	121	122	116	117
514	121	123	116	118
515	121	125	116	120
516	121	161	116	156
517	121	166	116	161
518	122	123	117	118
519	122	125	117	120
520	122	126	117	121
521	123	124	118	119
522	123	126	118	121
523	124	125	119	120
524	124	126	119	121
525	124	127	119	122
526	124	154	119	149
527	124	157	119	152
528	124	158	119	153
529	125	126	120	121
530	125	127	120	122
531	125	128	120	123
532	125	129	120	124
533	125	158	120	153
534	125	192	120	187
535	126	127	121	122
536	126	128	121	123
537	126	130	121	125
538	127	128	122	123
539	127	131	122	126
540	127	150	122	145
541	128	129	123	124
542	128	131	123	126
543	128	151	123	146
544	128	154	123	149
545	128	155	123	150
546	129	130	124	125
547	129	131	124	126
548	129	132	124	127
549	130	131	125	126
550	130	132	125	127
551	130	133	125	128
552	130	134	125	129
553	131	132	126	127
554	131	133	126	128
555	131	134	126	129
556	131	147	126	142
557	131	150	126	145
558	131	151	126	146
559	132	133	127	128
560	132	151	127	146
561	133	134	128	129
562	133	135	128	130
563	133	136	128	131
564	133	137	128	132
565	134	135	129	130
566	134	136	129	131
567	134	138	129	133
568	134	147	129	142
569	135	136	130	131
570	135	137	130	132
571	135	138	130	133
572	135	144	130	139
573	135	147	130	142
574	135	199	130	194
575	136	137	131	132
576	136	144	131	139
577	136	199	131	194
578	137	138	132	133
579	137	144	132	139
580	138	139	133	134
581	138	143	133	138
582	138	144	133	139
583	138	147	133	142
584	139	140	134	135
585	140	141	135	136
586	140	142	135	137
587	140	143	135	138
588	140	144	135	139
589	141	142	136	137
590	141	143	136	138
591	141	144	136	139
592	141	145	136	140
593	142	143	137	138
594	142	146	137	141
595	143	144	138	139
596	143	145	138	140
597	143	146	138	141
598	143	147	138	142
599	144	145	139	140
600	144	199	139	194
601	144	204	139	199
602	145	146	140	141
603	145	147	140	142
604	145	148	140	143
605	145	200	140	195
606	145	205	140	200
607	145	206	140	201
608	146	147	141	142
609	146	148	141	143
610	146	149	141	144
611	146	150	141	145
612	147	148	142	143
613	147	149	142	144
614	147	150	142	145
615	148	149	143	144
616	148	150	143	145
617	148	151	143	146
618	148	152	143	147
619	148	196	143	191
620	148	199	143	194
621	148	200	143	195
622	149	150	144	145
623	149	151	144	146
624	149	152	144	147
625	149	153	144	148
626	150	151	145	146
627	150	152	145	147
628	150	153	145	148
629	151	152	146	147
630	151	153	146	148
631	151	154	146	149
632	152	153	147	148
633	152	154	147	149
634	152	155	147	150
635	153	154	148	149
636	153	155	148	150
637	153	156	148	151
638	153	157	148	152
639	154	155	149	150
640	154	156	149	151
641	154	157	149	152
642	154	158	149	153
643	155	156	150	151
644	155	157	150	152
645	155	158	150	153
646	155	159	150	154
647	155	192	150	187
648	155	193	150	188
649	155	196	150	191
650	156	157	151	152
651	156	158	151	153
652	156	160	151	155
653	157	158	152	153
654	157	159	152	154
655	157	160	152	155
656	157	161	152	156
657	158	159	153	154
658	158	160	153	155
659	158	162	153	157
660	159	160	154	155
661	159	162	154	157
662	159	163	154	158
663	159	189	154	184
664	159	193	154	188
665	160	161	155	156
666	160	162	155	157
667	160	164	155	159
668	161	162	156	157
669	161	164	156	159
670	161	165	156	160
671	161	166	156	161
672	162	163	157	158
673	162	166	157	161
674	162	181	157	176
675	162	185	157	180
676	162	188	157	183
677	163	164	158	159
678	163	167	158	162
679	163	185	158	180
680	164	165	159	160
681	164	167	159	162
682	164	168	159	163
683	165	166	160	161
684	165	168	160	163
685	166	167	161	162
686	166	169	161	164
687	166	181	161	176
688	167	168	162	163
689	167	169	162	164
690	167	170	162	165
691	167	171	162	166
692	167	181	162	176
693	167	182	162	177
694	168	169	163	164
695	168	171	163	166
696	168	172	163	167
697	169	170	164	165
698	169	171	164	166
699	169	172	164	167
700	170	171	165	166
701	170	172	165	167
702	170	173	165	168
703	170	178	165	173
704	170	181	165	176
705	171	172	166	167
706	171	178	166	173
707	172	173	167	168
708	173	174	168	169
709	173	177	168	172
710	173	178	168	173
711	173	242	168	237
712	174	175	169	170
713	174	176	169	171
714	174	177	169	172
715	174	178	169	173
716	174	242	169	237
717	175	176	170	171
718	175	178	170	173
719	175	179	170	174
720	176	177	171	172
721	176	179	171	174
722	176	237	171	232
723	176	238	171	233
724	177	178	172	173
725	177	179	172	174
726	177	238	172	233
727	178	179	173	174
728	178	181	173	176
729	178	182	173	177
730	179	180	174	175
731	179	181	174	176
732	179	183	174	178
733	180	181	175	176
734	180	182	175	177
735	180	184	175	179
736	180	233	175	228
737	180	236	175	231
738	180	238	175	233
739	181	182	176	177
740	181	183	176	178
741	181	184	176	179
742	181	185	176	180
743	182	183	177	178
744	182	184	177	179
745	183	184	178	179
746	184	185	179	180
747	184	186	179	181
748	184	187	179	182
749	184	188	179	183
750	184	229	179	224
751	184	232	179	227
752	184	233	179	228
753	185	186	180	181
754	185	187	180	182
755	185	188	180	183
756	185	189	180	184
757	186	187	181	182
758	186	188	181	183
759	186	189	181	184
760	186	190	181	185
761	187	188	182	183
762	187	190	182	185
763	187	191	182	186
764	187	229	182	224
765	188	189	183	184
766	188	190	183	185
767	188	192	183	187
768	188	229	183	224
769	189	190	184	185
770	189	193	184	188
771	190	191	185	186
772	191	192	186	187
773	191	193	186	188
774	191	194	186	189
775	191	195	186	190
776	191	224	186	219
777	191	225	186	220
778	192	193	187	188
779	192	194	187	189
780	192	195	187	190
781	192	196	187	191
782	193	194	188	189
783	193	195	188	190
784	193	196	188	191
785	193	197	188	192
786	194	195	189	190
787	194	196	189	191
788	194	197	189	192
789	194	221	189	216
790	195	196	190	191
791	195	197	190	192
792	195	199	190	194
793	195	218	190	213
794	195	221	190	216
795	195	222	190	217
796	195	225	190	220
797	196	197	191	192
798	196	199	191	194
799	197	198	192	193
800	197	199	192	194
801	197	200	192	195
802	197	201	192	196
803	198	199	193	194
804	198	201	193	196
805	198	214	193	209
806	198	217	193	212
807	198	218	193	213
808	198	221	193	216
809	199	200	194	195
810	199	201	194	196
811	199	204	194	199
812	200	201	195	196
813	200	205	195	200
814	201	202	196	197
815	201	207	196	202
816	201	208	196	203
817	201	209	196	204
818	202	203	197	198
819	202	204	197	199
820	202	207	197	202
821	202	209	197	204
822	202	214	197	209
823	203	204	198	199
824	203	205	198	200
825	203	207	198	202
826	203	211	198	206
827	203	214	198	209
828	204	205	199	200
829	204	214	199	209
830	204	218	199	213
831	205	206	200	201
832	205	207	200	202
833	206	207	201	202
834	206	208	201	203
835	207	208	202	203
836	207	209	202	204
837	208	209	203	204
838	209	210	204	205
839	209	213	204	208
840	209	214	204	209
841	210	211	205	206
842	210	212	205	207
843	210	214	205	209
844	211	212	206	207
845	211	214	206	209
846	211	215	206	210
847	212	213	207	208
848	212	215	207	210
849	213	214	208	209
850	213	215	208	210
851	213	216	208	211
852	213	217	208	212
853	214	215	209	210
854	214	216	209	211
855	214	217	209	212
856	214	218	209	213
857	215	216	210	211
858	215	217	210	212
859	215	219	210	214
860	216	217	211	212
861	216	219	211	214
862	216	220	211	215
863	217	218	212	213
864	217	219	212	214
865	217	220	212	215
866	217	221	212	216
867	218	219	213	214
868	218	220	213	215
869	218	221	213	216
870	218	222	213	217
871	219	220	214	215
872	219	221	214	216
873	219	222	214	217
874	219	223	214	218
875	220	221	215	216
876	220	223	215	218
877	220	224	215	219
878	221	222	216	217
879	221	225	216	220
880	222	223	217	218
881	222	224	217	219
882	222	226	217	221
883	223	224	218	219
884	223	226	218	221
885	223	227	218	222
886	224	225	219	220
887	224	226	219	221
888	224	228	219	223
889	225	226	220	221
890	225	229	220	224
891	226	227	221	222
892	226	229	221	224
893	227	228	222	223
894	227	229	222	224
895	227	230	222	225
896	227	231	222	226
897	228	229	223	224
898	228	230	223	225
899	228	231	223	226
900	228	232	223	227
901	229	230	224	225
902	229	231	224	226
903	229	233	224	228
904	230	231	225	226
905	230	233	225	228
906	230	234	225	229
907	231	232	226	227
908	231	233	226	228
909	231	235	226	230
910	232	233	227	228
911	232	235	227	230
912	232	236	227	231
913	233	234	228	229
914	233	235	228	230
915	233	236	228	231
916	233	239	228	234
917	234	235	229	230
918	234	239	229	234
919	235	236	230	231
920	236	237	231	232
921	236	238	231	233
922	236	239	231	234
923	237	238	232	233
924	237	239	232	234
925	237	240	232	235
926	238	239	233	234
927	239	240	234	235
928	240	241	235	236
929	241	242	236	237
930	242	243	237	238
