# chimera	E	m
11111111	0	0
11111112	0	13
11111113	0	10
11111121	12	14
11111122	12	27
11111123	12	24
11111131	6	9
11111132	6	22
11111133	6	19
11111211	42	88
11111212	42	75
11111213	42	90
11111221	36	74
11111222	36	61
11111223	36	76
11111231	44	89
11111232	44	76
11111233	44	91
11111311	23	67
11111312	23	78
11111313	23	63
11111321	31	79
11111322	31	84
11111323	31	69
11111331	23	64
11111332	23	69
11111333	23	54
11112111	26	14
11112112	26	27
11112113	26	24
11112121	38	28
11112122	38	41
11112123	38	38
11112131	32	23
11112132	32	36
11112133	32	33
11112211	44	74
11112212	44	61
11112213	44	76
11112221	38	60
11112222	38	47
11112223	38	62
11112231	46	75
11112232	46	62
11112233	46	77
11112311	39	79
11112312	39	84
11112313	39	69
11112321	47	85
11112322	47	90
11112323	47	75
11112331	39	70
11112332	39	75
11112333	39	60
11113111	13	8
11113112	13	21
11113113	13	18
11113121	25	22
11113122	25	35
11113123	25	32
11113131	19	17
11113132	19	30
11113133	19	27
11113211	47	88
11113212	47	75
11113213	47	90
11113221	41	74
11113222	41	61
11113223	41	76
11113231	49	89
11113232	49	76
11113233	49	91
11113311	22	65
11113312	22	70
11113313	22	55
11113321	30	71
11113322	30	76
11113323	30	61
11113331	22	56
11113332	22	61
11113333	22	46
11121111	32	13
11121112	32	26
11121113	32	23
11121121	44	27
11121122	44	40
11121123	44	37
11121131	38	22
11121132	38	35
11121133	38	32
11121211	58	75
11121212	58	62
11121213	58	77
11121221	52	61
11121222	52	48
11121223	52	63
11121231	60	76
11121232	60	63
11121233	60	78
11121311	48	76
11121312	48	81
11121313	48	66
11121321	56	82
11121322	56	87
11121323	56	72
11121331	48	67
11121332	48	72
11121333	48	57
11122111	34	27
11122112	34	40
11122113	34	37
11122121	46	41
11122122	46	54
11122123	46	51
11122131	40	36
11122132	40	49
11122133	40	46
11122211	36	61
11122212	36	48
11122213	36	63
11122221	30	47
11122222	30	34
11122223	30	49
11122231	38	62
11122232	38	49
11122233	38	64
11122311	40	82
11122312	40	87
11122313	40	72
11122321	48	88
11122322	48	93
11122323	48	78
11122331	40	73
11122332	40	78
11122333	40	63
11123111	44	21
11123112	44	34
11123113	44	31
11123121	56	35
11123122	56	48
11123123	56	45
11123131	50	30
11123132	50	43
11123133	50	40
11123211	62	75
11123212	62	62
11123213	62	77
11123221	56	61
11123222	56	48
11123223	56	63
11123231	64	76
11123232	64	63
11123233	64	78
11123311	46	68
11123312	46	73
11123313	46	58
11123321	54	74
11123322	54	79
11123323	54	64
11123331	46	59
11123332	46	64
11123333	46	49
11131111	18	10
11131112	18	23
11131113	18	20
11131121	30	24
11131122	30	37
11131123	30	34
11131131	24	19
11131132	24	32
11131133	24	29
11131211	55	88
11131212	55	75
11131213	55	90
11131221	49	74
11131222	49	61
11131223	49	76
11131231	57	89
11131232	57	76
11131233	57	91
11131311	35	63
11131312	35	68
11131313	35	53
11131321	43	69
11131322	43	74
11131323	43	59
11131331	35	54
11131332	35	59
11131333	35	44
11132111	42	24
11132112	42	37
11132113	42	34
11132121	54	38
11132122	54	51
11132123	54	48
11132131	48	33
11132132	48	46
11132133	48	43
11132211	55	74
11132212	55	61
11132213	55	76
11132221	49	60
11132222	49	47
11132223	49	62
11132231	57	75
11132232	57	62
11132233	57	77
11132311	49	69
11132312	49	74
11132313	49	59
11132321	57	75
11132322	57	80
11132323	57	65
11132331	49	60
11132332	49	65
11132333	49	50
11133111	25	18
11133112	25	31
11133113	25	28
11133121	37	32
11133122	37	45
11133123	37	42
11133131	31	27
11133132	31	40
11133133	31	37
11133211	54	88
11133212	54	75
11133213	54	90
11133221	48	74
11133222	48	61
11133223	48	76
11133231	56	89
11133232	56	76
11133233	56	91
11133311	28	55
11133312	28	60
11133313	28	45
11133321	36	61
11133322	36	66
11133323	36	51
11133331	28	46
11133332	28	51
11133333	28	36
11211111	16	14
11211112	16	27
11211113	16	24
11211121	24	28
11211122	24	41
11211123	24	38
11211131	20	23
11211132	20	36
11211133	20	33
11211211	46	74
11211212	46	61
11211213	46	76
11211221	36	60
11211222	36	47
11211223	36	62
11211231	46	75
11211232	46	62
11211233	46	77
11211311	33	79
11211312	33	84
11211313	33	69
11211321	37	85
11211322	37	90
11211323	37	75
11211331	31	70
11211332	31	75
11211333	31	60
11212111	42	28
11212112	42	41
11212113	42	38
11212121	50	42
11212122	50	55
11212123	50	52
11212131	46	37
11212132	46	50
11212133	46	47
11212211	48	60
11212212	48	47
11212213	48	62
11212221	38	46
11212222	38	33
11212223	38	48
11212231	48	61
11212232	48	48
11212233	48	63
11212311	49	85
11212312	49	90
11212313	49	75
11212321	53	91
11212322	53	96
11212323	53	81
11212331	47	76
11212332	47	81
11212333	47	66
11213111	29	22
11213112	29	35
11213113	29	32
11213121	37	36
11213122	37	49
11213123	37	46
11213131	33	31
11213132	33	44
11213133	33	41
11213211	51	74
11213212	51	61
11213213	51	76
11213221	41	60
11213222	41	47
11213223	41	62
11213231	51	75
11213232	51	62
11213233	51	77
11213311	32	71
11213312	32	76
11213313	32	61
11213321	36	77
11213322	36	82
11213323	36	67
11213331	30	62
11213332	30	67
11213333	30	52
11221111	40	27
11221112	40	40
11221113	40	37
11221121	48	41
11221122	48	54
11221123	48	51
11221131	44	36
11221132	44	49
11221133	44	46
11221211	54	61
11221212	54	48
11221213	54	63
11221221	44	47
11221222	44	34
11221223	44	49
11221231	54	62
11221232	54	49
11221233	54	64
11221311	50	82
11221312	50	87
11221313	50	72
11221321	54	88
11221322	54	93
11221323	54	78
11221331	48	73
11221332	48	78
11221333	48	63
11222111	42	41
11222112	42	54
11222113	42	51
11222121	50	55
11222122	50	68
11222123	50	65
11222131	46	50
11222132	46	63
11222133	46	60
11222211	32	47
11222212	32	34
11222213	32	49
11222221	22	33
11222222	22	20
11222223	22	35
11222231	32	48
11222232	32	35
11222233	32	50
11222311	42	88
11222312	42	93
11222313	42	78
11222321	46	94
11222322	46	99
11222323	46	84
11222331	40	79
11222332	40	84
11222333	40	69
11223111	52	35
11223112	52	48
11223113	52	45
11223121	60	49
11223122	60	62
11223123	60	59
11223131	56	44
11223132	56	57
11223133	56	54
11223211	58	61
11223212	58	48
11223213	58	63
11223221	48	47
11223222	48	34
11223223	48	49
11223231	58	62
11223232	58	49
11223233	58	64
11223311	48	74
11223312	48	79
11223313	48	64
11223321	52	80
11223322	52	85
11223323	52	70
11223331	46	65
11223332	46	70
11223333	46	55
11231111	30	24
11231112	30	37
11231113	30	34
11231121	38	38
11231122	38	51
11231123	38	48
11231131	34	33
11231132	34	46
11231133	34	43
11231211	55	74
11231212	55	61
11231213	55	76
11231221	45	60
11231222	45	47
11231223	45	62
11231231	55	75
11231232	55	62
11231233	55	77
11231311	41	69
11231312	41	74
11231313	41	59
11231321	45	75
11231322	45	80
11231323	45	65
11231331	39	60
11231332	39	65
11231333	39	50
11232111	54	38
11232112	54	51
11232113	54	48
11232121	62	52
11232122	62	65
11232123	62	62
11232131	58	47
11232132	58	60
11232133	58	57
11232211	55	60
11232212	55	47
11232213	55	62
11232221	45	46
11232222	45	33
11232223	45	48
11232231	55	61
11232232	55	48
11232233	55	63
11232311	55	75
11232312	55	80
11232313	55	65
11232321	59	81
11232322	59	86
11232323	59	71
11232331	53	66
11232332	53	71
11232333	53	56
11233111	37	32
11233112	37	45
11233113	37	42
11233121	45	46
11233122	45	59
11233123	45	56
11233131	41	41
11233132	41	54
11233133	41	51
11233211	54	74
11233212	54	61
11233213	54	76
11233221	44	60
11233222	44	47
11233223	44	62
11233231	54	75
11233232	54	62
11233233	54	77
11233311	34	61
11233312	34	66
11233313	34	51
11233321	38	67
11233322	38	72
11233323	38	57
11233331	32	52
11233332	32	57
11233333	32	42
11311111	9	8
11311112	9	21
11311113	9	18
11311121	19	22
11311122	19	35
11311123	19	32
11311131	11	17
11311132	11	30
11311133	11	27
11311211	45	88
11311212	45	75
11311213	45	90
11311221	37	74
11311222	37	61
11311223	37	76
11311231	43	89
11311232	43	76
11311233	43	91
11311311	24	65
11311312	24	70
11311313	24	55
11311321	30	71
11311322	30	76
11311323	30	61
11311331	20	56
11311332	20	61
11311333	20	46
11312111	35	22
11312112	35	35
11312113	35	32
11312121	45	36
11312122	45	49
11312123	45	46
11312131	37	31
11312132	37	44
11312133	37	41
11312211	47	74
11312212	47	61
11312213	47	76
11312221	39	60
11312222	39	47
11312223	39	62
11312231	45	75
11312232	45	62
11312233	45	77
11312311	40	71
11312312	40	76
11312313	40	61
11312321	46	77
11312322	46	82
11312323	46	67
11312331	36	62
11312332	36	67
11312333	36	52
11313111	22	16
11313112	22	29
11313113	22	26
11313121	32	30
11313122	32	43
11313123	32	40
11313131	24	25
11313132	24	38
11313133	24	35
11313211	50	88
11313212	50	75
11313213	50	90
11313221	42	74
11313222	42	61
11313223	42	76
11313231	48	89
11313232	48	76
11313233	48	91
11313311	23	57
11313312	23	62
11313313	23	47
11313321	29	63
11313322	29	68
11313323	29	53
11313331	19	48
11313332	19	53
11313333	19	38
11321111	37	21
11321112	37	34
11321113	37	31
11321121	47	35
11321122	47	48
11321123	47	45
11321131	39	30
11321132	39	43
11321133	39	40
11321211	57	75
11321212	57	62
11321213	57	77
11321221	49	61
11321222	49	48
11321223	49	63
11321231	55	76
11321232	55	63
11321233	55	78
11321311	45	68
11321312	45	73
11321313	45	58
11321321	51	74
11321322	51	79
11321323	51	64
11321331	41	59
11321332	41	64
11321333	41	49
11322111	39	35
11322112	39	48
11322113	39	45
11322121	49	49
11322122	49	62
11322123	49	59
11322131	41	44
11322132	41	57
11322133	41	54
11322211	35	61
11322212	35	48
11322213	35	63
11322221	27	47
11322222	27	34
11322223	27	49
11322231	33	62
11322232	33	49
11322233	33	64
11322311	37	74
11322312	37	79
11322313	37	64
11322321	43	80
11322322	43	85
11322323	43	70
11322331	33	65
11322332	33	70
11322333	33	55
11323111	49	29
11323112	49	42
11323113	49	39
11323121	59	43
11323122	59	56
11323123	59	53
11323131	51	38
11323132	51	51
11323133	51	48
11323211	61	75
11323212	61	62
11323213	61	77
11323221	53	61
11323222	53	48
11323223	53	63
11323231	59	76
11323232	59	63
11323233	59	78
11323311	43	60
11323312	43	65
11323313	43	50
11323321	49	66
11323322	49	71
11323323	49	56
11323331	39	51
11323332	39	56
11323333	39	41
11331111	23	18
11331112	23	31
11331113	23	28
11331121	33	32
11331122	33	45
11331123	33	42
11331131	25	27
11331132	25	40
11331133	25	37
11331211	54	88
11331212	54	75
11331213	54	90
11331221	46	74
11331222	46	61
11331223	46	76
11331231	52	89
11331232	52	76
11331233	52	91
11331311	32	55
11331312	32	60
11331313	32	45
11331321	38	61
11331322	38	66
11331323	38	51
11331331	28	46
11331332	28	51
11331333	28	36
11332111	47	32
11332112	47	45
11332113	47	42
11332121	57	46
11332122	57	59
11332123	57	56
11332131	49	41
11332132	49	54
11332133	49	51
11332211	54	74
11332212	54	61
11332213	54	76
11332221	46	60
11332222	46	47
11332223	46	62
11332231	52	75
11332232	52	62
11332233	52	77
11332311	46	61
11332312	46	66
11332313	46	51
11332321	52	67
11332322	52	72
11332323	52	57
11332331	42	52
11332332	42	57
11332333	42	42
11333111	30	26
11333112	30	39
11333113	30	36
11333121	40	40
11333122	40	53
11333123	40	50
11333131	32	35
11333132	32	48
11333133	32	45
11333211	53	88
11333212	53	75
11333213	53	90
11333221	45	74
11333222	45	61
11333223	45	76
11333231	51	89
11333232	51	76
11333233	51	91
11333311	25	47
11333312	25	52
11333313	25	37
11333321	31	53
11333322	31	58
11333323	31	43
11333331	21	38
11333332	21	43
11333333	21	28
12111111	24	13
12111112	24	26
12111113	24	23
12111121	34	27
12111122	34	40
12111123	34	37
12111131	29	22
12111132	29	35
12111133	29	32
12111211	50	75
12111212	50	62
12111213	50	77
12111221	42	61
12111222	42	48
12111223	42	63
12111231	51	76
12111232	51	63
12111233	51	78
12111311	41	79
12111312	41	84
12111313	41	69
12111321	47	85
12111322	47	90
12111323	47	75
12111331	40	70
12111332	40	75
12111333	40	60
12112111	50	27
12112112	50	40
12112113	50	37
12112121	60	41
12112122	60	54
12112123	60	51
12112131	55	36
12112132	55	49
12112133	55	46
12112211	52	61
12112212	52	48
12112213	52	63
12112221	44	47
12112222	44	34
12112223	44	49
12112231	53	62
12112232	53	49
12112233	53	64
12112311	57	85
12112312	57	90
12112313	57	75
12112321	63	91
12112322	63	96
12112323	63	81
12112331	56	76
12112332	56	81
12112333	56	66
12113111	37	21
12113112	37	34
12113113	37	31
12113121	47	35
12113122	47	48
12113123	47	45
12113131	42	30
12113132	42	43
12113133	42	40
12113211	55	75
12113212	55	62
12113213	55	77
12113221	47	61
12113222	47	48
12113223	47	63
12113231	56	76
12113232	56	63
12113233	56	78
12113311	40	71
12113312	40	76
12113313	40	61
12113321	46	77
12113322	46	82
12113323	46	67
12113331	39	62
12113332	39	67
12113333	39	52
12121111	41	26
12121112	41	39
12121113	41	36
12121121	51	40
12121122	51	53
12121123	51	50
12121131	46	35
12121132	46	48
12121133	46	45
12121211	51	62
12121212	51	49
12121213	51	64
12121221	43	48
12121222	43	35
12121223	43	50
12121231	52	63
12121232	52	50
12121233	52	65
12121311	51	82
12121312	51	87
12121313	51	72
12121321	57	88
12121322	57	93
12121323	57	78
12121331	50	73
12121332	50	78
12121333	50	63
12122111	43	40
12122112	43	53
12122113	43	50
12122121	53	54
12122122	53	67
12122123	53	64
12122131	48	49
12122132	48	62
12122133	48	59
12122211	29	48
12122212	29	35
12122213	29	50
12122221	21	34
12122222	21	21
12122223	21	36
12122231	30	49
12122232	30	36
12122233	30	51
12122311	43	88
12122312	43	93
12122313	43	78
12122321	49	94
12122322	49	99
12122323	49	84
12122331	42	79
12122332	42	84
12122333	42	69
12123111	53	34
12123112	53	47
12123113	53	44
12123121	63	48
12123122	63	61
12123123	63	58
12123131	58	43
12123132	58	56
12123133	58	53
12123211	55	62
12123212	55	49
12123213	55	64
12123221	47	48
12123222	47	35
12123223	47	50
12123231	56	63
12123232	56	50
12123233	56	65
12123311	49	74
12123312	49	79
12123313	49	64
12123321	55	80
12123322	55	85
12123323	55	70
12123331	48	65
12123332	48	70
12123333	48	55
12131111	33	23
12131112	33	36
12131113	33	33
12131121	43	37
12131122	43	50
12131123	43	47
12131131	38	32
12131132	38	45
12131133	38	42
12131211	54	75
12131212	54	62
12131213	54	77
12131221	46	61
12131222	46	48
12131223	46	63
12131231	55	76
12131232	55	63
12131233	55	78
12131311	44	69
12131312	44	74
12131313	44	59
12131321	50	75
12131322	50	80
12131323	50	65
12131331	43	60
12131332	43	65
12131333	43	50
12132111	57	37
12132112	57	50
12132113	57	47
12132121	67	51
12132122	67	64
12132123	67	61
12132131	62	46
12132132	62	59
12132133	62	56
12132211	54	61
12132212	54	48
12132213	54	63
12132221	46	47
12132222	46	34
12132223	46	49
12132231	55	62
12132232	55	49
12132233	55	64
12132311	58	75
12132312	58	80
12132313	58	65
12132321	64	81
12132322	64	86
12132323	64	71
12132331	57	66
12132332	57	71
12132333	57	56
12133111	40	31
12133112	40	44
12133113	40	41
12133121	50	45
12133122	50	58
12133123	50	55
12133131	45	40
12133132	45	53
12133133	45	50
12133211	53	75
12133212	53	62
12133213	53	77
12133221	45	61
12133222	45	48
12133223	45	63
12133231	54	76
12133232	54	63
12133233	54	78
12133311	37	61
12133312	37	66
12133313	37	51
12133321	43	67
12133322	43	72
12133323	43	57
12133331	36	52
12133332	36	57
12133333	36	42
12211111	32	27
12211112	32	40
12211113	32	37
12211121	38	41
12211122	38	54
12211123	38	51
12211131	35	36
12211132	35	49
12211133	35	46
12211211	46	61
12211212	46	48
12211213	46	63
12211221	34	47
12211222	34	34
12211223	34	49
12211231	45	62
12211232	45	49
12211233	45	64
12211311	43	85
12211312	43	90
12211313	43	75
12211321	45	91
12211322	45	96
12211323	45	81
12211331	40	76
12211332	40	81
12211333	40	66
12212111	58	41
12212112	58	54
12212113	58	51
12212121	64	55
12212122	64	68
12212123	64	65
12212131	61	50
12212132	61	63
12212133	61	60
12212211	48	47
12212212	48	34
12212213	48	49
12212221	36	33
12212222	36	20
12212223	36	35
12212231	47	48
12212232	47	35
12212233	47	50
12212311	59	91
12212312	59	96
12212313	59	81
12212321	61	97
12212322	61	102
12212323	61	87
12212331	56	82
12212332	56	87
12212333	56	72
12213111	45	35
12213112	45	48
12213113	45	45
12213121	51	49
12213122	51	62
12213123	51	59
12213131	48	44
12213132	48	57
12213133	48	54
12213211	51	61
12213212	51	48
12213213	51	63
12213221	39	47
12213222	39	34
12213223	39	49
12213231	50	62
12213232	50	49
12213233	50	64
12213311	42	77
12213312	42	82
12213313	42	67
12213321	44	83
12213322	44	88
12213323	44	73
12213331	39	68
12213332	39	73
12213333	39	58
12221111	41	40
12221112	41	53
12221113	41	50
12221121	47	54
12221122	47	67
12221123	47	64
12221131	44	49
12221132	44	62
12221133	44	59
12221211	39	48
12221212	39	35
12221213	39	50
12221221	27	34
12221222	27	21
12221223	27	36
12221231	38	49
12221232	38	36
12221233	38	51
12221311	45	88
12221312	45	93
12221313	45	78
12221321	47	94
12221322	47	99
12221323	47	84
12221331	42	79
12221332	42	84
12221333	42	69
12222111	43	54
12222112	43	67
12222113	43	64
12222121	49	68
12222122	49	81
12222123	49	78
12222131	46	63
12222132	46	76
12222133	46	73
12222211	17	34
12222212	17	21
12222213	17	36
12222221	5	20
12222222	5	7
12222223	5	22
12222231	16	35
12222232	16	22
12222233	16	37
12222311	37	94
12222312	37	99
12222313	37	84
12222321	39	100
12222322	39	96
12222323	39	90
12222331	34	85
12222332	34	90
12222333	34	75
12223111	53	48
12223112	53	61
12223113	53	58
12223121	59	62
12223122	59	75
12223123	59	72
12223131	56	57
12223132	56	70
12223133	56	67
12223211	43	48
12223212	43	35
12223213	43	50
12223221	31	34
12223222	31	21
12223223	31	36
12223231	42	49
12223232	42	36
12223233	42	51
12223311	43	80
12223312	43	85
12223313	43	70
12223321	45	86
12223322	45	91
12223323	45	76
12223331	40	71
12223332	40	76
12223333	40	61
12231111	37	37
12231112	37	50
12231113	37	47
12231121	43	51
12231122	43	64
12231123	43	61
12231131	40	46
12231132	40	59
12231133	40	56
12231211	46	61
12231212	46	48
12231213	46	63
12231221	34	47
12231222	34	34
12231223	34	49
12231231	45	62
12231232	45	49
12231233	45	64
12231311	42	75
12231312	42	80
12231313	42	65
12231321	44	81
12231322	44	86
12231323	44	71
12231331	39	66
12231332	39	71
12231333	39	56
12232111	61	51
12232112	61	64
12232113	61	61
12232121	67	65
12232122	67	78
12232123	67	75
12232131	64	60
12232132	64	73
12232133	64	70
12232211	46	47
12232212	46	34
12232213	46	49
12232221	34	33
12232222	34	20
12232223	34	35
12232231	45	48
12232232	45	35
12232233	45	50
12232311	56	81
12232312	56	86
12232313	56	71
12232321	58	87
12232322	58	92
12232323	58	77
12232331	53	72
12232332	53	77
12232333	53	62
12233111	44	45
12233112	44	58
12233113	44	55
12233121	50	59
12233122	50	72
12233123	50	69
12233131	47	54
12233132	47	67
12233133	47	64
12233211	45	61
12233212	45	48
12233213	45	63
12233221	33	47
12233222	33	34
12233223	33	49
12233231	44	62
12233232	44	49
12233233	44	64
12233311	35	67
12233312	35	72
12233313	35	57
12233321	37	73
12233322	37	78
12233323	37	63
12233331	32	58
12233332	32	63
12233333	32	48
12311111	32	21
12311112	32	34
12311113	32	31
12311121	40	35
12311122	40	48
12311123	40	45
12311131	33	30
12311132	33	43
12311133	33	40
12311211	52	75
12311212	52	62
12311213	52	77
12311221	42	61
12311222	42	48
12311223	42	63
12311231	49	76
12311232	49	63
12311233	49	78
12311311	41	71
12311312	41	76
12311313	41	61
12311321	45	77
12311322	45	82
12311323	45	67
12311331	36	62
12311332	36	67
12311333	36	52
12312111	58	35
12312112	58	48
12312113	58	45
12312121	66	49
12312122	66	62
12312123	66	59
12312131	59	44
12312132	59	57
12312133	59	54
12312211	54	61
12312212	54	48
12312213	54	63
12312221	44	47
12312222	44	34
12312223	44	49
12312231	51	62
12312232	51	49
12312233	51	64
12312311	57	77
12312312	57	82
12312313	57	67
12312321	61	83
12312322	61	88
12312323	61	73
12312331	52	68
12312332	52	73
12312333	52	58
12313111	45	29
12313112	45	42
12313113	45	39
12313121	53	43
12313122	53	56
12313123	53	53
12313131	46	38
12313132	46	51
12313133	46	48
12313211	57	75
12313212	57	62
12313213	57	77
12313221	47	61
12313222	47	48
12313223	47	63
12313231	54	76
12313232	54	63
12313233	54	78
12313311	40	63
12313312	40	68
12313313	40	53
12313321	44	69
12313322	44	74
12313323	44	59
12313331	35	54
12313332	35	59
12313333	35	44
12321111	45	34
12321112	45	47
12321113	45	44
12321121	53	48
12321122	53	61
12321123	53	58
12321131	46	43
12321132	46	56
12321133	46	53
12321211	49	62
12321212	49	49
12321213	49	64
12321221	39	48
12321222	39	35
12321223	39	50
12321231	46	63
12321232	46	50
12321233	46	65
12321311	47	74
12321312	47	79
12321313	47	64
12321321	51	80
12321322	51	85
12321323	51	70
12321331	42	65
12321332	42	70
12321333	42	55
12322111	47	48
12322112	47	61
12322113	47	58
12322121	55	62
12322122	55	75
12322123	55	72
12322131	48	57
12322132	48	70
12322133	48	67
12322211	27	48
12322212	27	35
12322213	27	50
12322221	17	34
12322222	17	21
12322223	17	36
12322231	24	49
12322232	24	36
12322233	24	51
12322311	39	80
12322312	39	85
12322313	39	70
12322321	43	86
12322322	43	91
12322323	43	76
12322331	34	71
12322332	34	76
12322333	34	61
12323111	57	42
12323112	57	55
12323113	57	52
12323121	65	56
12323122	65	69
12323123	65	66
12323131	58	51
12323132	58	64
12323133	58	61
12323211	53	62
12323212	53	49
12323213	53	64
12323221	43	48
12323222	43	35
12323223	43	50
12323231	50	63
12323232	50	50
12323233	50	65
12323311	45	66
12323312	45	71
12323313	45	56
12323321	49	72
12323322	49	77
12323323	49	62
12323331	40	57
12323332	40	62
12323333	40	47
12331111	37	31
12331112	37	44
12331113	37	41
12331121	45	45
12331122	45	58
12331123	45	55
12331131	38	40
12331132	38	53
12331133	38	50
12331211	52	75
12331212	52	62
12331213	52	77
12331221	42	61
12331222	42	48
12331223	42	63
12331231	49	76
12331232	49	63
12331233	49	78
12331311	40	61
12331312	40	66
12331313	40	51
12331321	44	67
12331322	44	72
12331323	44	57
12331331	35	52
12331332	35	57
12331333	35	42
12332111	61	45
12332112	61	58
12332113	61	55
12332121	69	59
12332122	69	72
12332123	69	69
12332131	62	54
12332132	62	67
12332133	62	64
12332211	52	61
12332212	52	48
12332213	52	63
12332221	42	47
12332222	42	34
12332223	42	49
12332231	49	62
12332232	49	49
12332233	49	64
12332311	54	67
12332312	54	72
12332313	54	57
12332321	58	73
12332322	58	78
12332323	58	63
12332331	49	58
12332332	49	63
12332333	49	48
12333111	44	39
12333112	44	52
12333113	44	49
12333121	52	53
12333122	52	66
12333123	52	63
12333131	45	48
12333132	45	61
12333133	45	58
12333211	51	75
12333212	51	62
12333213	51	77
12333221	41	61
12333222	41	48
12333223	41	63
12333231	48	76
12333232	48	63
12333233	48	78
12333311	33	53
12333312	33	58
12333313	33	43
12333321	37	59
12333322	37	64
12333323	37	49
12333331	28	44
12333332	28	49
12333333	28	34
13111111	16	8
13111112	16	21
13111113	16	18
13111121	27	22
13111122	27	35
13111123	27	32
13111131	20	17
13111132	20	30
13111133	20	27
13111211	54	89
13111212	54	76
13111213	54	91
13111221	47	75
13111222	47	62
13111223	47	77
13111231	54	90
13111232	54	77
13111233	54	92
13111311	27	65
13111312	27	70
13111313	27	55
13111321	34	71
13111322	34	76
13111323	34	61
13111331	25	56
13111332	25	61
13111333	25	46
13112111	42	22
13112112	42	35
13112113	42	32
13112121	53	36
13112122	53	49
13112123	53	46
13112131	46	31
13112132	46	44
13112133	46	41
13112211	56	75
13112212	56	62
13112213	56	77
13112221	49	61
13112222	49	48
13112223	49	63
13112231	56	76
13112232	56	63
13112233	56	78
13112311	43	71
13112312	43	76
13112313	43	61
13112321	50	77
13112322	50	82
13112323	50	67
13112331	41	62
13112332	41	67
13112333	41	52
13113111	29	16
13113112	29	29
13113113	29	26
13113121	40	30
13113122	40	43
13113123	40	40
13113131	33	25
13113132	33	38
13113133	33	35
13113211	59	89
13113212	59	76
13113213	59	91
13113221	52	75
13113222	52	62
13113223	52	77
13113231	59	90
13113232	59	77
13113233	59	92
13113311	26	57
13113312	26	62
13113313	26	47
13113321	33	63
13113322	33	68
13113323	33	53
13113331	24	48
13113332	24	53
13113333	24	38
13121111	41	21
13121112	41	34
13121113	41	31
13121121	52	35
13121122	52	48
13121123	52	45
13121131	45	30
13121132	45	43
13121133	45	40
13121211	63	76
13121212	63	63
13121213	63	78
13121221	56	62
13121222	56	49
13121223	56	64
13121231	63	77
13121232	63	64
13121233	63	79
13121311	45	68
13121312	45	73
13121313	45	58
13121321	52	74
13121322	52	79
13121323	52	64
13121331	43	59
13121332	43	64
13121333	43	49
13122111	43	35
13122112	43	48
13122113	43	45
13122121	54	49
13122122	54	62
13122123	54	59
13122131	47	44
13122132	47	57
13122133	47	54
13122211	41	62
13122212	41	49
13122213	41	64
13122221	34	48
13122222	34	35
13122223	34	50
13122231	41	63
13122232	41	50
13122233	41	65
13122311	37	74
13122312	37	79
13122313	37	64
13122321	44	80
13122322	44	85
13122323	44	70
13122331	35	65
13122332	35	70
13122333	35	55
13123111	53	29
13123112	53	42
13123113	53	39
13123121	64	43
13123122	64	56
13123123	64	53
13123131	57	38
13123132	57	51
13123133	57	48
13123211	67	76
13123212	67	63
13123213	67	78
13123221	60	62
13123222	60	49
13123223	60	64
13123231	67	77
13123232	67	64
13123233	67	79
13123311	43	60
13123312	43	65
13123313	43	50
13123321	50	66
13123322	50	71
13123323	50	56
13123331	41	51
13123332	41	56
13123333	41	41
13131111	20	18
13131112	20	31
13131113	20	28
13131121	31	32
13131122	31	45
13131123	31	42
13131131	24	27
13131132	24	40
13131133	24	37
13131211	53	89
13131212	53	76
13131213	53	91
13131221	46	75
13131222	46	62
13131223	46	77
13131231	53	90
13131232	53	77
13131233	53	92
13131311	25	55
13131312	25	60
13131313	25	45
13131321	32	61
13131322	32	66
13131323	32	51
13131331	23	46
13131332	23	51
13131333	23	36
13132111	44	32
13132112	44	45
13132113	44	42
13132121	55	46
13132122	55	59
13132123	55	56
13132131	48	41
13132132	48	54
13132133	48	51
13132211	53	75
13132212	53	62
13132213	53	77
13132221	46	61
13132222	46	48
13132223	46	63
13132231	53	76
13132232	53	63
13132233	53	78
13132311	39	61
13132312	39	66
13132313	39	51
13132321	46	67
13132322	46	72
13132323	46	57
13132331	37	52
13132332	37	57
13132333	37	42
13133111	27	26
13133112	27	39
13133113	27	36
13133121	38	40
13133122	38	53
13133123	38	50
13133131	31	35
13133132	31	48
13133133	31	45
13133211	52	89
13133212	52	76
13133213	52	91
13133221	45	75
13133222	45	62
13133223	45	77
13133231	52	90
13133232	52	77
13133233	52	92
13133311	18	47
13133312	18	52
13133313	18	37
13133321	25	53
13133322	25	58
13133323	25	43
13133331	16	38
13133332	16	43
13133333	16	28
13211111	31	22
13211112	31	35
13211113	31	32
13211121	38	36
13211122	38	49
13211123	38	46
13211131	33	31
13211132	33	44
13211133	33	41
13211211	57	75
13211212	57	62
13211213	57	77
13211221	46	61
13211222	46	48
13211223	46	63
13211231	55	76
13211232	55	63
13211233	55	78
13211311	36	71
13211312	36	76
13211313	36	61
13211321	39	77
13211322	39	82
13211323	39	67
13211331	32	62
13211332	32	67
13211333	32	52
13212111	57	36
13212112	57	49
13212113	57	46
13212121	64	50
13212122	64	63
13212123	64	60
13212131	59	45
13212132	59	58
13212133	59	55
13212211	59	61
13212212	59	48
13212213	59	63
13212221	48	47
13212222	48	34
13212223	48	49
13212231	57	62
13212232	57	49
13212233	57	64
13212311	52	77
13212312	52	82
13212313	52	67
13212321	55	83
13212322	55	88
13212323	55	73
13212331	48	68
13212332	48	73
13212333	48	58
13213111	44	30
13213112	44	43
13213113	44	40
13213121	51	44
13213122	51	57
13213123	51	54
13213131	46	39
13213132	46	52
13213133	46	49
13213211	62	75
13213212	62	62
13213213	62	77
13213221	51	61
13213222	51	48
13213223	51	63
13213231	60	76
13213232	60	63
13213233	60	78
13213311	35	63
13213312	35	68
13213313	35	53
13213321	38	69
13213322	38	74
13213323	38	59
13213331	31	54
13213332	31	59
13213333	31	44
13221111	48	35
13221112	48	48
13221113	48	45
13221121	55	49
13221122	55	62
13221123	55	59
13221131	50	44
13221132	50	57
13221133	50	54
13221211	58	62
13221212	58	49
13221213	58	64
13221221	47	48
13221222	47	35
13221223	47	50
13221231	56	63
13221232	56	50
13221233	56	65
13221311	46	74
13221312	46	79
13221313	46	64
13221321	49	80
13221322	49	85
13221323	49	70
13221331	42	65
13221332	42	70
13221333	42	55
13222111	50	49
13222112	50	62
13222113	50	59
13222121	57	63
13222122	57	76
13222123	57	73
13222131	52	58
13222132	52	71
13222133	52	68
13222211	36	48
13222212	36	35
13222213	36	50
13222221	25	34
13222222	25	21
13222223	25	36
13222231	34	49
13222232	34	36
13222233	34	51
13222311	38	80
13222312	38	85
13222313	38	70
13222321	41	86
13222322	41	91
13222323	41	76
13222331	34	71
13222332	34	76
13222333	34	61
13223111	60	43
13223112	60	56
13223113	60	53
13223121	67	57
13223122	67	70
13223123	67	67
13223131	62	52
13223132	62	65
13223133	62	62
13223211	62	62
13223212	62	49
13223213	62	64
13223221	51	48
13223222	51	35
13223223	51	50
13223231	60	63
13223232	60	50
13223233	60	65
13223311	44	66
13223312	44	71
13223313	44	56
13223321	47	72
13223322	47	77
13223323	47	62
13223331	40	57
13223332	40	62
13223333	40	47
13231111	31	32
13231112	31	45
13231113	31	42
13231121	38	46
13231122	38	59
13231123	38	56
13231131	33	41
13231132	33	54
13231133	33	51
13231211	52	75
13231212	52	62
13231213	52	77
13231221	41	61
13231222	41	48
13231223	41	63
13231231	50	76
13231232	50	63
13231233	50	78
13231311	30	61
13231312	30	66
13231313	30	51
13231321	33	67
13231322	33	72
13231323	33	57
13231331	26	52
13231332	26	57
13231333	26	42
13232111	55	46
13232112	55	59
13232113	55	56
13232121	62	60
13232122	62	73
13232123	62	70
13232131	57	55
13232132	57	68
13232133	57	65
13232211	52	61
13232212	52	48
13232213	52	63
13232221	41	47
13232222	41	34
13232223	41	49
13232231	50	62
13232232	50	49
13232233	50	64
13232311	44	67
13232312	44	72
13232313	44	57
13232321	47	73
13232322	47	78
13232323	47	63
13232331	40	58
13232332	40	63
13232333	40	48
13233111	38	40
13233112	38	53
13233113	38	50
13233121	45	54
13233122	45	67
13233123	45	64
13233131	40	49
13233132	40	62
13233133	40	59
13233211	51	75
13233212	51	62
13233213	51	77
13233221	40	61
13233222	40	48
13233223	40	63
13233231	49	76
13233232	49	63
13233233	49	78
13233311	23	53
13233312	23	58
13233313	23	43
13233321	26	59
13233322	26	64
13233323	26	49
13233331	19	44
13233332	19	49
13233333	19	34
13311111	23	16
13311112	23	29
13311113	23	26
13311121	32	30
13311122	32	43
13311123	32	40
13311131	23	25
13311132	23	38
13311133	23	35
13311211	55	89
13311212	55	76
13311213	55	91
13311221	46	75
13311222	46	62
13311223	46	77
13311231	51	90
13311232	51	77
13311233	51	92
13311311	26	57
13311312	26	62
13311313	26	47
13311321	31	63
13311322	31	68
13311323	31	53
13311331	20	48
13311332	20	53
13311333	20	38
13312111	49	30
13312112	49	43
13312113	49	40
13312121	58	44
13312122	58	57
13312123	58	54
13312131	49	39
13312132	49	52
13312133	49	49
13312211	57	75
13312212	57	62
13312213	57	77
13312221	48	61
13312222	48	48
13312223	48	63
13312231	53	76
13312232	53	63
13312233	53	78
13312311	42	63
13312312	42	68
13312313	42	53
13312321	47	69
13312322	47	74
13312323	47	59
13312331	36	54
13312332	36	59
13312333	36	44
13313111	36	24
13313112	36	37
13313113	36	34
13313121	45	38
13313122	45	51
13313123	45	48
13313131	36	33
13313132	36	46
13313133	36	43
13313211	60	89
13313212	60	76
13313213	60	91
13313221	51	75
13313222	51	62
13313223	51	77
13313231	56	90
13313232	56	77
13313233	56	92
13313311	25	49
13313312	25	54
13313313	25	39
13313321	30	55
13313322	30	60
13313323	30	45
13313331	19	40
13313332	19	45
13313333	19	30
13321111	44	29
13321112	44	42
13321113	44	39
13321121	53	43
13321122	53	56
13321123	53	53
13321131	44	38
13321132	44	51
13321133	44	48
13321211	60	76
13321212	60	63
13321213	60	78
13321221	51	62
13321222	51	49
13321223	51	64
13321231	56	77
13321232	56	64
13321233	56	79
13321311	40	60
13321312	40	65
13321313	40	50
13321321	45	66
13321322	45	71
13321323	45	56
13321331	34	51
13321332	34	56
13321333	34	41
13322111	46	43
13322112	46	56
13322113	46	53
13322121	55	57
13322122	55	70
13322123	55	67
13322131	46	52
13322132	46	65
13322133	46	62
13322211	38	62
13322212	38	49
13322213	38	64
13322221	29	48
13322222	29	35
13322223	29	50
13322231	34	63
13322232	34	50
13322233	34	65
13322311	32	66
13322312	32	71
13322313	32	56
13322321	37	72
13322322	37	77
13322323	37	62
13322331	26	57
13322332	26	62
13322333	26	47
13323111	56	37
13323112	56	50
13323113	56	47
13323121	65	51
13323122	65	64
13323123	65	61
13323131	56	46
13323132	56	59
13323133	56	56
13323211	64	76
13323212	64	63
13323213	64	78
13323221	55	62
13323222	55	49
13323223	55	64
13323231	60	77
13323232	60	64
13323233	60	79
13323311	38	52
13323312	38	57
13323313	38	42
13323321	43	58
13323322	43	63
13323323	43	48
13323331	32	43
13323332	32	48
13323333	32	33
13331111	23	26
13331112	23	39
13331113	23	36
13331121	32	40
13331122	32	53
13331123	32	50
13331131	23	35
13331132	23	48
13331133	23	45
13331211	50	89
13331212	50	76
13331213	50	91
13331221	41	75
13331222	41	62
13331223	41	77
13331231	46	90
13331232	46	77
13331233	46	92
13331311	20	47
13331312	20	52
13331313	20	37
13331321	25	53
13331322	25	58
13331323	25	43
13331331	14	38
13331332	14	43
13331333	14	28
13332111	47	40
13332112	47	53
13332113	47	50
13332121	56	54
13332122	56	67
13332123	56	64
13332131	47	49
13332132	47	62
13332133	47	59
13332211	50	75
13332212	50	62
13332213	50	77
13332221	41	61
13332222	41	48
13332223	41	63
13332231	46	76
13332232	46	63
13332233	46	78
13332311	34	53
13332312	34	58
13332313	34	43
13332321	39	59
13332322	39	64
13332323	39	49
13332331	28	44
13332332	28	49
13332333	28	34
13333111	30	34
13333112	30	47
13333113	30	44
13333121	39	48
13333122	39	61
13333123	39	58
13333131	30	43
13333132	30	56
13333133	30	53
13333211	49	89
13333212	49	76
13333213	49	91
13333221	40	75
13333222	40	62
13333223	40	77
13333231	45	90
13333232	45	77
13333233	45	92
13333311	13	39
13333312	13	44
13333313	13	29
13333321	18	45
13333322	18	50
13333323	18	35
13333331	7	30
13333332	7	35
13333333	7	20
21111111	5	7
21111112	5	20
21111113	5	17
21111121	17	21
21111122	17	34
21111123	17	31
21111131	11	16
21111132	11	29
21111133	11	26
21111211	43	81
21111212	43	68
21111213	43	83
21111221	37	67
21111222	37	54
21111223	37	69
21111231	45	82
21111232	45	69
21111233	45	84
21111311	27	74
21111312	27	79
21111313	27	64
21111321	35	80
21111322	35	85
21111323	35	70
21111331	27	65
21111332	27	70
21111333	27	55
21112111	31	21
21112112	31	34
21112113	31	31
21112121	43	35
21112122	43	48
21112123	43	45
21112131	37	30
21112132	37	43
21112133	37	40
21112211	45	67
21112212	45	54
21112213	45	69
21112221	39	53
21112222	39	40
21112223	39	55
21112231	47	68
21112232	47	55
21112233	47	70
21112311	43	80
21112312	43	85
21112313	43	70
21112321	51	86
21112322	51	91
21112323	51	76
21112331	43	71
21112332	43	76
21112333	43	61
21113111	18	15
21113112	18	28
21113113	18	25
21113121	30	29
21113122	30	42
21113123	30	39
21113131	24	24
21113132	24	37
21113133	24	34
21113211	48	81
21113212	48	68
21113213	48	83
21113221	42	67
21113222	42	54
21113223	42	69
21113231	50	82
21113232	50	69
21113233	50	84
21113311	26	66
21113312	26	71
21113313	26	56
21113321	34	72
21113322	34	77
21113323	34	62
21113331	26	57
21113332	26	62
21113333	26	47
21121111	37	20
21121112	37	33
21121113	37	30
21121121	49	34
21121122	49	47
21121123	49	44
21121131	43	29
21121132	43	42
21121133	43	39
21121211	59	68
21121212	59	55
21121213	59	70
21121221	53	54
21121222	53	41
21121223	53	56
21121231	61	69
21121232	61	56
21121233	61	71
21121311	52	77
21121312	52	82
21121313	52	67
21121321	60	83
21121322	60	88
21121323	60	73
21121331	52	68
21121332	52	73
21121333	52	58
21122111	39	34
21122112	39	47
21122113	39	44
21122121	51	48
21122122	51	61
21122123	51	58
21122131	45	43
21122132	45	56
21122133	45	53
21122211	37	54
21122212	37	41
21122213	37	56
21122221	31	40
21122222	31	27
21122223	31	42
21122231	39	55
21122232	39	42
21122233	39	57
21122311	44	83
21122312	44	88
21122313	44	73
21122321	52	89
21122322	52	94
21122323	52	79
21122331	44	74
21122332	44	79
21122333	44	64
21123111	49	28
21123112	49	41
21123113	49	38
21123121	61	42
21123122	61	55
21123123	61	52
21123131	55	37
21123132	55	50
21123133	55	47
21123211	63	68
21123212	63	55
21123213	63	70
21123221	57	54
21123222	57	41
21123223	57	56
21123231	65	69
21123232	65	56
21123233	65	71
21123311	50	69
21123312	50	74
21123313	50	59
21123321	58	75
21123322	58	80
21123323	58	65
21123331	50	60
21123332	50	65
21123333	50	50
21131111	23	17
21131112	23	30
21131113	23	27
21131121	35	31
21131122	35	44
21131123	35	41
21131131	29	26
21131132	29	39
21131133	29	36
21131211	56	81
21131212	56	68
21131213	56	83
21131221	50	67
21131222	50	54
21131223	50	69
21131231	58	82
21131232	58	69
21131233	58	84
21131311	39	64
21131312	39	69
21131313	39	54
21131321	47	70
21131322	47	75
21131323	47	60
21131331	39	55
21131332	39	60
21131333	39	45
21132111	47	31
21132112	47	44
21132113	47	41
21132121	59	45
21132122	59	58
21132123	59	55
21132131	53	40
21132132	53	53
21132133	53	50
21132211	56	67
21132212	56	54
21132213	56	69
21132221	50	53
21132222	50	40
21132223	50	55
21132231	58	68
21132232	58	55
21132233	58	70
21132311	53	70
21132312	53	75
21132313	53	60
21132321	61	76
21132322	61	81
21132323	61	66
21132331	53	61
21132332	53	66
21132333	53	51
21133111	30	25
21133112	30	38
21133113	30	35
21133121	42	39
21133122	42	52
21133123	42	49
21133131	36	34
21133132	36	47
21133133	36	44
21133211	55	81
21133212	55	68
21133213	55	83
21133221	49	67
21133222	49	54
21133223	49	69
21133231	57	82
21133232	57	69
21133233	57	84
21133311	32	56
21133312	32	61
21133313	32	46
21133321	40	62
21133322	40	67
21133323	40	52
21133331	32	47
21133332	32	52
21133333	32	37
21211111	21	21
21211112	21	34
21211113	21	31
21211121	29	35
21211122	29	48
21211123	29	45
21211131	25	30
21211132	25	43
21211133	25	40
21211211	47	67
21211212	47	54
21211213	47	69
21211221	37	53
21211222	37	40
21211223	37	55
21211231	47	68
21211232	47	55
21211233	47	70
21211311	37	80
21211312	37	85
21211313	37	70
21211321	41	86
21211322	41	91
21211323	41	76
21211331	35	71
21211332	35	76
21211333	35	61
21212111	47	35
21212112	47	48
21212113	47	45
21212121	55	49
21212122	55	62
21212123	55	59
21212131	51	44
21212132	51	57
21212133	51	54
21212211	49	53
21212212	49	40
21212213	49	55
21212221	39	39
21212222	39	26
21212223	39	41
21212231	49	54
21212232	49	41
21212233	49	56
21212311	53	86
21212312	53	91
21212313	53	76
21212321	57	92
21212322	57	97
21212323	57	82
21212331	51	77
21212332	51	82
21212333	51	67
21213111	34	29
21213112	34	42
21213113	34	39
21213121	42	43
21213122	42	56
21213123	42	53
21213131	38	38
21213132	38	51
21213133	38	48
21213211	52	67
21213212	52	54
21213213	52	69
21213221	42	53
21213222	42	40
21213223	42	55
21213231	52	68
21213232	52	55
21213233	52	70
21213311	36	72
21213312	36	77
21213313	36	62
21213321	40	78
21213322	40	83
21213323	40	68
21213331	34	63
21213332	34	68
21213333	34	53
21221111	45	34
21221112	45	47
21221113	45	44
21221121	53	48
21221122	53	61
21221123	53	58
21221131	49	43
21221132	49	56
21221133	49	53
21221211	55	54
21221212	55	41
21221213	55	56
21221221	45	40
21221222	45	27
21221223	45	42
21221231	55	55
21221232	55	42
21221233	55	57
21221311	54	83
21221312	54	88
21221313	54	73
21221321	58	89
21221322	58	94
21221323	58	79
21221331	52	74
21221332	52	79
21221333	52	64
21222111	47	48
21222112	47	61
21222113	47	58
21222121	55	62
21222122	55	75
21222123	55	72
21222131	51	57
21222132	51	70
21222133	51	67
21222211	33	40
21222212	33	27
21222213	33	42
21222221	23	26
21222222	23	13
21222223	23	28
21222231	33	41
21222232	33	28
21222233	33	43
21222311	46	89
21222312	46	94
21222313	46	79
21222321	50	95
21222322	50	100
21222323	50	85
21222331	44	80
21222332	44	85
21222333	44	70
21223111	57	42
21223112	57	55
21223113	57	52
21223121	65	56
21223122	65	69
21223123	65	66
21223131	61	51
21223132	61	64
21223133	61	61
21223211	59	54
21223212	59	41
21223213	59	56
21223221	49	40
21223222	49	27
21223223	49	42
21223231	59	55
21223232	59	42
21223233	59	57
21223311	52	75
21223312	52	80
21223313	52	65
21223321	56	81
21223322	56	86
21223323	56	71
21223331	50	66
21223332	50	71
21223333	50	56
21231111	35	31
21231112	35	44
21231113	35	41
21231121	43	45
21231122	43	58
21231123	43	55
21231131	39	40
21231132	39	53
21231133	39	50
21231211	56	67
21231212	56	54
21231213	56	69
21231221	46	53
21231222	46	40
21231223	46	55
21231231	56	68
21231232	56	55
21231233	56	70
21231311	45	70
21231312	45	75
21231313	45	60
21231321	49	76
21231322	49	81
21231323	49	66
21231331	43	61
21231332	43	66
21231333	43	51
21232111	59	45
21232112	59	58
21232113	59	55
21232121	67	59
21232122	67	72
21232123	67	69
21232131	63	54
21232132	63	67
21232133	63	64
21232211	56	53
21232212	56	40
21232213	56	55
21232221	46	39
21232222	46	26
21232223	46	41
21232231	56	54
21232232	56	41
21232233	56	56
21232311	59	76
21232312	59	81
21232313	59	66
21232321	63	82
21232322	63	87
21232323	63	72
21232331	57	67
21232332	57	72
21232333	57	57
21233111	42	39
21233112	42	52
21233113	42	49
21233121	50	53
21233122	50	66
21233123	50	63
21233131	46	48
21233132	46	61
21233133	46	58
21233211	55	67
21233212	55	54
21233213	55	69
21233221	45	53
21233222	45	40
21233223	45	55
21233231	55	68
21233232	55	55
21233233	55	70
21233311	38	62
21233312	38	67
21233313	38	52
21233321	42	68
21233322	42	73
21233323	42	58
21233331	36	53
21233332	36	58
21233333	36	43
21311111	14	15
21311112	14	28
21311113	14	25
21311121	24	29
21311122	24	42
21311123	24	39
21311131	16	24
21311132	16	37
21311133	16	34
21311211	46	81
21311212	46	68
21311213	46	83
21311221	38	67
21311222	38	54
21311223	38	69
21311231	44	82
21311232	44	69
21311233	44	84
21311311	28	66
21311312	28	71
21311313	28	56
21311321	34	72
21311322	34	77
21311323	34	62
21311331	24	57
21311332	24	62
21311333	24	47
21312111	40	29
21312112	40	42
21312113	40	39
21312121	50	43
21312122	50	56
21312123	50	53
21312131	42	38
21312132	42	51
21312133	42	48
21312211	48	67
21312212	48	54
21312213	48	69
21312221	40	53
21312222	40	40
21312223	40	55
21312231	46	68
21312232	46	55
21312233	46	70
21312311	44	72
21312312	44	77
21312313	44	62
21312321	50	78
21312322	50	83
21312323	50	68
21312331	40	63
21312332	40	68
21312333	40	53
21313111	27	23
21313112	27	36
21313113	27	33
21313121	37	37
21313122	37	50
21313123	37	47
21313131	29	32
21313132	29	45
21313133	29	42
21313211	51	81
21313212	51	68
21313213	51	83
21313221	43	67
21313222	43	54
21313223	43	69
21313231	49	82
21313232	49	69
21313233	49	84
21313311	27	58
21313312	27	63
21313313	27	48
21313321	33	64
21313322	33	69
21313323	33	54
21313331	23	49
21313332	23	54
21313333	23	39
21321111	42	28
21321112	42	41
21321113	42	38
21321121	52	42
21321122	52	55
21321123	52	52
21321131	44	37
21321132	44	50
21321133	44	47
21321211	58	68
21321212	58	55
21321213	58	70
21321221	50	54
21321222	50	41
21321223	50	56
21321231	56	69
21321232	56	56
21321233	56	71
21321311	49	69
21321312	49	74
21321313	49	59
21321321	55	75
21321322	55	80
21321323	55	65
21321331	45	60
21321332	45	65
21321333	45	50
21322111	44	42
21322112	44	55
21322113	44	52
21322121	54	56
21322122	54	69
21322123	54	66
21322131	46	51
21322132	46	64
21322133	46	61
21322211	36	54
21322212	36	41
21322213	36	56
21322221	28	40
21322222	28	27
21322223	28	42
21322231	34	55
21322232	34	42
21322233	34	57
21322311	41	75
21322312	41	80
21322313	41	65
21322321	47	81
21322322	47	86
21322323	47	71
21322331	37	66
21322332	37	71
21322333	37	56
21323111	54	36
21323112	54	49
21323113	54	46
21323121	64	50
21323122	64	63
21323123	64	60
21323131	56	45
21323132	56	58
21323133	56	55
21323211	62	68
21323212	62	55
21323213	62	70
21323221	54	54
21323222	54	41
21323223	54	56
21323231	60	69
21323232	60	56
21323233	60	71
21323311	47	61
21323312	47	66
21323313	47	51
21323321	53	67
21323322	53	72
21323323	53	57
21323331	43	52
21323332	43	57
21323333	43	42
21331111	28	25
21331112	28	38
21331113	28	35
21331121	38	39
21331122	38	52
21331123	38	49
21331131	30	34
21331132	30	47
21331133	30	44
21331211	55	81
21331212	55	68
21331213	55	83
21331221	47	67
21331222	47	54
21331223	47	69
21331231	53	82
21331232	53	69
21331233	53	84
21331311	36	56
21331312	36	61
21331313	36	46
21331321	42	62
21331322	42	67
21331323	42	52
21331331	32	47
21331332	32	52
21331333	32	37
21332111	52	39
21332112	52	52
21332113	52	49
21332121	62	53
21332122	62	66
21332123	62	63
21332131	54	48
21332132	54	61
21332133	54	58
21332211	55	67
21332212	55	54
21332213	55	69
21332221	47	53
21332222	47	40
21332223	47	55
21332231	53	68
21332232	53	55
21332233	53	70
21332311	50	62
21332312	50	67
21332313	50	52
21332321	56	68
21332322	56	73
21332323	56	58
21332331	46	53
21332332	46	58
21332333	46	43
21333111	35	33
21333112	35	46
21333113	35	43
21333121	45	47
21333122	45	60
21333123	45	57
21333131	37	42
21333132	37	55
21333133	37	52
21333211	54	81
21333212	54	68
21333213	54	83
21333221	46	67
21333222	46	54
21333223	46	69
21333231	52	82
21333232	52	69
21333233	52	84
21333311	29	48
21333312	29	53
21333313	29	38
21333321	35	54
21333322	35	59
21333323	35	44
21333331	25	39
21333332	25	44
21333333	25	29
22111111	23	20
22111112	23	33
22111113	23	30
22111121	33	34
22111122	33	47
22111123	33	44
22111131	28	29
22111132	28	42
22111133	28	39
22111211	45	68
22111212	45	55
22111213	45	70
22111221	37	54
22111222	37	41
22111223	37	56
22111231	46	69
22111232	46	56
22111233	46	71
22111311	39	80
22111312	39	85
22111313	39	70
22111321	45	86
22111322	45	91
22111323	45	76
22111331	38	71
22111332	38	76
22111333	38	61
22112111	49	34
22112112	49	47
22112113	49	44
22112121	59	48
22112122	59	61
22112123	59	58
22112131	54	43
22112132	54	56
22112133	54	53
22112211	47	54
22112212	47	41
22112213	47	56
22112221	39	40
22112222	39	27
22112223	39	42
22112231	48	55
22112232	48	42
22112233	48	57
22112311	55	86
22112312	55	91
22112313	55	76
22112321	61	92
22112322	61	97
22112323	61	82
22112331	54	77
22112332	54	82
22112333	54	67
22113111	36	28
22113112	36	41
22113113	36	38
22113121	46	42
22113122	46	55
22113123	46	52
22113131	41	37
22113132	41	50
22113133	41	47
22113211	50	68
22113212	50	55
22113213	50	70
22113221	42	54
22113222	42	41
22113223	42	56
22113231	51	69
22113232	51	56
22113233	51	71
22113311	38	72
22113312	38	77
22113313	38	62
22113321	44	78
22113322	44	83
22113323	44	68
22113331	37	63
22113332	37	68
22113333	37	53
22121111	40	33
22121112	40	46
22121113	40	43
22121121	50	47
22121122	50	60
22121123	50	57
22121131	45	42
22121132	45	55
22121133	45	52
22121211	46	55
22121212	46	42
22121213	46	57
22121221	38	41
22121222	38	28
22121223	38	43
22121231	47	56
22121232	47	43
22121233	47	58
22121311	49	83
22121312	49	88
22121313	49	73
22121321	55	89
22121322	55	94
22121323	55	79
22121331	48	74
22121332	48	79
22121333	48	64
22122111	42	47
22122112	42	60
22122113	42	57
22122121	52	61
22122122	52	74
22122123	52	71
22122131	47	56
22122132	47	69
22122133	47	66
22122211	24	41
22122212	24	28
22122213	24	43
22122221	16	27
22122222	16	14
22122223	16	29
22122231	25	42
22122232	25	29
22122233	25	44
22122311	41	89
22122312	41	94
22122313	41	79
22122321	47	95
22122322	47	100
22122323	47	85
22122331	40	80
22122332	40	85
22122333	40	70
22123111	52	41
22123112	52	54
22123113	52	51
22123121	62	55
22123122	62	68
22123123	62	65
22123131	57	50
22123132	57	63
22123133	57	60
22123211	50	55
22123212	50	42
22123213	50	57
22123221	42	41
22123222	42	28
22123223	42	43
22123231	51	56
22123232	51	43
22123233	51	58
22123311	47	75
22123312	47	80
22123313	47	65
22123321	53	81
22123322	53	86
22123323	53	71
22123331	46	66
22123332	46	71
22123333	46	56
22131111	32	30
22131112	32	43
22131113	32	40
22131121	42	44
22131122	42	57
22131123	42	54
22131131	37	39
22131132	37	52
22131133	37	49
22131211	49	68
22131212	49	55
22131213	49	70
22131221	41	54
22131222	41	41
22131223	41	56
22131231	50	69
22131232	50	56
22131233	50	71
22131311	42	70
22131312	42	75
22131313	42	60
22131321	48	76
22131322	48	81
22131323	48	66
22131331	41	61
22131332	41	66
22131333	41	51
22132111	56	44
22132112	56	57
22132113	56	54
22132121	66	58
22132122	66	71
22132123	66	68
22132131	61	53
22132132	61	66
22132133	61	63
22132211	49	54
22132212	49	41
22132213	49	56
22132221	41	40
22132222	41	27
22132223	41	42
22132231	50	55
22132232	50	42
22132233	50	57
22132311	56	76
22132312	56	81
22132313	56	66
22132321	62	82
22132322	62	87
22132323	62	72
22132331	55	67
22132332	55	72
22132333	55	57
22133111	39	38
22133112	39	51
22133113	39	48
22133121	49	52
22133122	49	65
22133123	49	62
22133131	44	47
22133132	44	60
22133133	44	57
22133211	48	68
22133212	48	55
22133213	48	70
22133221	40	54
22133222	40	41
22133223	40	56
22133231	49	69
22133232	49	56
22133233	49	71
22133311	35	62
22133312	35	67
22133313	35	52
22133321	41	68
22133322	41	73
22133323	41	58
22133331	34	53
22133332	34	58
22133333	34	43
22211111	31	34
22211112	31	47
22211113	31	44
22211121	37	48
22211122	37	61
22211123	37	58
22211131	34	43
22211132	34	56
22211133	34	53
22211211	41	54
22211212	41	41
22211213	41	56
22211221	29	40
22211222	29	27
22211223	29	42
22211231	40	55
22211232	40	42
22211233	40	57
22211311	41	86
22211312	41	91
22211313	41	76
22211321	43	92
22211322	43	97
22211323	43	82
22211331	38	77
22211332	38	82
22211333	38	67
22212111	57	48
22212112	57	61
22212113	57	58
22212121	63	62
22212122	63	75
22212123	63	72
22212131	60	57
22212132	60	70
22212133	60	67
22212211	43	40
22212212	43	27
22212213	43	42
22212221	31	26
22212222	31	13
22212223	31	28
22212231	42	41
22212232	42	28
22212233	42	43
22212311	57	92
22212312	57	97
22212313	57	82
22212321	59	98
22212322	59	102
22212323	59	88
22212331	54	83
22212332	54	88
22212333	54	73
22213111	44	42
22213112	44	55
22213113	44	52
22213121	50	56
22213122	50	69
22213123	50	66
22213131	47	51
22213132	47	64
22213133	47	61
22213211	46	54
22213212	46	41
22213213	46	56
22213221	34	40
22213222	34	27
22213223	34	42
22213231	45	55
22213232	45	42
22213233	45	57
22213311	40	78
22213312	40	83
22213313	40	68
22213321	42	84
22213322	42	89
22213323	42	74
22213331	37	69
22213332	37	74
22213333	37	59
22221111	40	47
22221112	40	60
22221113	40	57
22221121	46	61
22221122	46	74
22221123	46	71
22221131	43	56
22221132	43	69
22221133	43	66
22221211	34	41
22221212	34	28
22221213	34	43
22221221	22	27
22221222	22	14
22221223	22	29
22221231	33	42
22221232	33	29
22221233	33	44
22221311	43	89
22221312	43	94
22221313	43	79
22221321	45	95
22221322	45	100
22221323	45	85
22221331	40	80
22221332	40	85
22221333	40	70
22222111	42	61
22222112	42	74
22222113	42	71
22222121	48	75
22222122	48	88
22222123	48	85
22222131	45	70
22222132	45	83
22222133	45	80
22222211	12	27
22222212	12	14
22222213	12	29
22222221	0	13
22222222	0	0
22222223	0	15
22222231	11	28
22222232	11	15
22222233	11	30
22222311	35	95
22222312	35	100
22222313	35	85
22222321	37	101
22222322	37	89
22222323	37	91
22222331	32	86
22222332	32	91
22222333	32	76
22223111	52	55
22223112	52	68
22223113	52	65
22223121	58	69
22223122	58	82
22223123	58	79
22223131	55	64
22223132	55	77
22223133	55	74
22223211	38	41
22223212	38	28
22223213	38	43
22223221	26	27
22223222	26	14
22223223	26	29
22223231	37	42
22223232	37	29
22223233	37	44
22223311	41	81
22223312	41	86
22223313	41	71
22223321	43	87
22223322	43	92
22223323	43	77
22223331	38	72
22223332	38	77
22223333	38	62
22231111	36	44
22231112	36	57
22231113	36	54
22231121	42	58
22231122	42	71
22231123	42	68
22231131	39	53
22231132	39	66
22231133	39	63
22231211	41	54
22231212	41	41
22231213	41	56
22231221	29	40
22231222	29	27
22231223	29	42
22231231	40	55
22231232	40	42
22231233	40	57
22231311	40	76
22231312	40	81
22231313	40	66
22231321	42	82
22231322	42	87
22231323	42	72
22231331	37	67
22231332	37	72
22231333	37	57
22232111	60	58
22232112	60	71
22232113	60	68
22232121	66	72
22232122	66	85
22232123	66	82
22232131	63	67
22232132	63	80
22232133	63	77
22232211	41	40
22232212	41	27
22232213	41	42
22232221	29	26
22232222	29	13
22232223	29	28
22232231	40	41
22232232	40	28
22232233	40	43
22232311	54	82
22232312	54	87
22232313	54	72
22232321	56	88
22232322	56	93
22232323	56	78
22232331	51	73
22232332	51	78
22232333	51	63
22233111	43	52
22233112	43	65
22233113	43	62
22233121	49	66
22233122	49	79
22233123	49	76
22233131	46	61
22233132	46	74
22233133	46	71
22233211	40	54
22233212	40	41
22233213	40	56
22233221	28	40
22233222	28	27
22233223	28	42
22233231	39	55
22233232	39	42
22233233	39	57
22233311	33	68
22233312	33	73
22233313	33	58
22233321	35	74
22233322	35	79
22233323	35	64
22233331	30	59
22233332	30	64
22233333	30	49
22311111	31	28
22311112	31	41
22311113	31	38
22311121	39	42
22311122	39	55
22311123	39	52
22311131	32	37
22311132	32	50
22311133	32	47
22311211	47	68
22311212	47	55
22311213	47	70
22311221	37	54
22311222	37	41
22311223	37	56
22311231	44	69
22311232	44	56
22311233	44	71
22311311	39	72
22311312	39	77
22311313	39	62
22311321	43	78
22311322	43	83
22311323	43	68
22311331	34	63
22311332	34	68
22311333	34	53
22312111	57	42
22312112	57	55
22312113	57	52
22312121	65	56
22312122	65	69
22312123	65	66
22312131	58	51
22312132	58	64
22312133	58	61
22312211	49	54
22312212	49	41
22312213	49	56
22312221	39	40
22312222	39	27
22312223	39	42
22312231	46	55
22312232	46	42
22312233	46	57
22312311	55	78
22312312	55	83
22312313	55	68
22312321	59	84
22312322	59	89
22312323	59	74
22312331	50	69
22312332	50	74
22312333	50	59
22313111	44	36
22313112	44	49
22313113	44	46
22313121	52	50
22313122	52	63
22313123	52	60
22313131	45	45
22313132	45	58
22313133	45	55
22313211	52	68
22313212	52	55
22313213	52	70
22313221	42	54
22313222	42	41
22313223	42	56
22313231	49	69
22313232	49	56
22313233	49	71
22313311	38	64
22313312	38	69
22313313	38	54
22313321	42	70
22313322	42	75
22313323	42	60
22313331	33	55
22313332	33	60
22313333	33	45
22321111	44	41
22321112	44	54
22321113	44	51
22321121	52	55
22321122	52	68
22321123	52	65
22321131	45	50
22321132	45	63
22321133	45	60
22321211	44	55
22321212	44	42
22321213	44	57
22321221	34	41
22321222	34	28
22321223	34	43
22321231	41	56
22321232	41	43
22321233	41	58
22321311	45	75
22321312	45	80
22321313	45	65
22321321	49	81
22321322	49	86
22321323	49	71
22321331	40	66
22321332	40	71
22321333	40	56
22322111	46	55
22322112	46	68
22322113	46	65
22322121	54	69
22322122	54	82
22322123	54	79
22322131	47	64
22322132	47	77
22322133	47	74
22322211	22	41
22322212	22	28
22322213	22	43
22322221	12	27
22322222	12	14
22322223	12	29
22322231	19	42
22322232	19	29
22322233	19	44
22322311	37	81
22322312	37	86
22322313	37	71
22322321	41	87
22322322	41	92
22322323	41	77
22322331	32	72
22322332	32	77
22322333	32	62
22323111	56	49
22323112	56	62
22323113	56	59
22323121	64	63
22323122	64	76
22323123	64	73
22323131	57	58
22323132	57	71
22323133	57	68
22323211	48	55
22323212	48	42
22323213	48	57
22323221	38	41
22323222	38	28
22323223	38	43
22323231	45	56
22323232	45	43
22323233	45	58
22323311	43	67
22323312	43	72
22323313	43	57
22323321	47	73
22323322	47	78
22323323	47	63
22323331	38	58
22323332	38	63
22323333	38	48
22331111	36	38
22331112	36	51
22331113	36	48
22331121	44	52
22331122	44	65
22331123	44	62
22331131	37	47
22331132	37	60
22331133	37	57
22331211	47	68
22331212	47	55
22331213	47	70
22331221	37	54
22331222	37	41
22331223	37	56
22331231	44	69
22331232	44	56
22331233	44	71
22331311	38	62
22331312	38	67
22331313	38	52
22331321	42	68
22331322	42	73
22331323	42	58
22331331	33	53
22331332	33	58
22331333	33	43
22332111	60	52
22332112	60	65
22332113	60	62
22332121	68	66
22332122	68	79
22332123	68	76
22332131	61	61
22332132	61	74
22332133	61	71
22332211	47	54
22332212	47	41
22332213	47	56
22332221	37	40
22332222	37	27
22332223	37	42
22332231	44	55
22332232	44	42
22332233	44	57
22332311	52	68
22332312	52	73
22332313	52	58
22332321	56	74
22332322	56	79
22332323	56	64
22332331	47	59
22332332	47	64
22332333	47	49
22333111	43	46
22333112	43	59
22333113	43	56
22333121	51	60
22333122	51	73
22333123	51	70
22333131	44	55
22333132	44	68
22333133	44	65
22333211	46	68
22333212	46	55
22333213	46	70
22333221	36	54
22333222	36	41
22333223	36	56
22333231	43	69
22333232	43	56
22333233	43	71
22333311	31	54
22333312	31	59
22333313	31	44
22333321	35	60
22333322	35	65
22333323	35	50
22333331	26	45
22333332	26	50
22333333	26	35
23111111	21	15
23111112	21	28
23111113	21	25
23111121	32	29
23111122	32	42
23111123	32	39
23111131	25	24
23111132	25	37
23111133	25	34
23111211	55	82
23111212	55	69
23111213	55	84
23111221	48	68
23111222	48	55
23111223	48	70
23111231	55	83
23111232	55	70
23111233	55	85
23111311	31	66
23111312	31	71
23111313	31	56
23111321	38	72
23111322	38	77
23111323	38	62
23111331	29	57
23111332	29	62
23111333	29	47
23112111	47	29
23112112	47	42
23112113	47	39
23112121	58	43
23112122	58	56
23112123	58	53
23112131	51	38
23112132	51	51
23112133	51	48
23112211	57	68
23112212	57	55
23112213	57	70
23112221	50	54
23112222	50	41
23112223	50	56
23112231	57	69
23112232	57	56
23112233	57	71
23112311	47	72
23112312	47	77
23112313	47	62
23112321	54	78
23112322	54	83
23112323	54	68
23112331	45	63
23112332	45	68
23112333	45	53
23113111	34	23
23113112	34	36
23113113	34	33
23113121	45	37
23113122	45	50
23113123	45	47
23113131	38	32
23113132	38	45
23113133	38	42
23113211	60	82
23113212	60	69
23113213	60	84
23113221	53	68
23113222	53	55
23113223	53	70
23113231	60	83
23113232	60	70
23113233	60	85
23113311	30	58
23113312	30	63
23113313	30	48
23113321	37	64
23113322	37	69
23113323	37	54
23113331	28	49
23113332	28	54
23113333	28	39
23121111	46	28
23121112	46	41
23121113	46	38
23121121	57	42
23121122	57	55
23121123	57	52
23121131	50	37
23121132	50	50
23121133	50	47
23121211	64	69
23121212	64	56
23121213	64	71
23121221	57	55
23121222	57	42
23121223	57	57
23121231	64	70
23121232	64	57
23121233	64	72
23121311	49	69
23121312	49	74
23121313	49	59
23121321	56	75
23121322	56	80
23121323	56	65
23121331	47	60
23121332	47	65
23121333	47	50
23122111	48	42
23122112	48	55
23122113	48	52
23122121	59	56
23122122	59	69
23122123	59	66
23122131	52	51
23122132	52	64
23122133	52	61
23122211	42	55
23122212	42	42
23122213	42	57
23122221	35	41
23122222	35	28
23122223	35	43
23122231	42	56
23122232	42	43
23122233	42	58
23122311	41	75
23122312	41	80
23122313	41	65
23122321	48	81
23122322	48	86
23122323	48	71
23122331	39	66
23122332	39	71
23122333	39	56
23123111	58	36
23123112	58	49
23123113	58	46
23123121	69	50
23123122	69	63
23123123	69	60
23123131	62	45
23123132	62	58
23123133	62	55
23123211	68	69
23123212	68	56
23123213	68	71
23123221	61	55
23123222	61	42
23123223	61	57
23123231	68	70
23123232	68	57
23123233	68	72
23123311	47	61
23123312	47	66
23123313	47	51
23123321	54	67
23123322	54	72
23123323	54	57
23123331	45	52
23123332	45	57
23123333	45	42
23131111	25	25
23131112	25	38
23131113	25	35
23131121	36	39
23131122	36	52
23131123	36	49
23131131	29	34
23131132	29	47
23131133	29	44
23131211	54	82
23131212	54	69
23131213	54	84
23131221	47	68
23131222	47	55
23131223	47	70
23131231	54	83
23131232	54	70
23131233	54	85
23131311	29	56
23131312	29	61
23131313	29	46
23131321	36	62
23131322	36	67
23131323	36	52
23131331	27	47
23131332	27	52
23131333	27	37
23132111	49	39
23132112	49	52
23132113	49	49
23132121	60	53
23132122	60	66
23132123	60	63
23132131	53	48
23132132	53	61
23132133	53	58
23132211	54	68
23132212	54	55
23132213	54	70
23132221	47	54
23132222	47	41
23132223	47	56
23132231	54	69
23132232	54	56
23132233	54	71
23132311	43	62
23132312	43	67
23132313	43	52
23132321	50	68
23132322	50	73
23132323	50	58
23132331	41	53
23132332	41	58
23132333	41	43
23133111	32	33
23133112	32	46
23133113	32	43
23133121	43	47
23133122	43	60
23133123	43	57
23133131	36	42
23133132	36	55
23133133	36	52
23133211	53	82
23133212	53	69
23133213	53	84
23133221	46	68
23133222	46	55
23133223	46	70
23133231	53	83
23133232	53	70
23133233	53	85
23133311	22	48
23133312	22	53
23133313	22	38
23133321	29	54
23133322	29	59
23133323	29	44
23133331	20	39
23133332	20	44
23133333	20	29
23211111	36	29
23211112	36	42
23211113	36	39
23211121	43	43
23211122	43	56
23211123	43	53
23211131	38	38
23211132	38	51
23211133	38	48
23211211	58	68
23211212	58	55
23211213	58	70
23211221	47	54
23211222	47	41
23211223	47	56
23211231	56	69
23211232	56	56
23211233	56	71
23211311	40	72
23211312	40	77
23211313	40	62
23211321	43	78
23211322	43	83
23211323	43	68
23211331	36	63
23211332	36	68
23211333	36	53
23212111	62	43
23212112	62	56
23212113	62	53
23212121	69	57
23212122	69	70
23212123	69	67
23212131	64	52
23212132	64	65
23212133	64	62
23212211	60	54
23212212	60	41
23212213	60	56
23212221	49	40
23212222	49	27
23212223	49	42
23212231	58	55
23212232	58	42
23212233	58	57
23212311	56	78
23212312	56	83
23212313	56	68
23212321	59	84
23212322	59	89
23212323	59	74
23212331	52	69
23212332	52	74
23212333	52	59
23213111	49	37
23213112	49	50
23213113	49	47
23213121	56	51
23213122	56	64
23213123	56	61
23213131	51	46
23213132	51	59
23213133	51	56
23213211	63	68
23213212	63	55
23213213	63	70
23213221	52	54
23213222	52	41
23213223	52	56
23213231	61	69
23213232	61	56
23213233	61	71
23213311	39	64
23213312	39	69
23213313	39	54
23213321	42	70
23213322	42	75
23213323	42	60
23213331	35	55
23213332	35	60
23213333	35	45
23221111	53	42
23221112	53	55
23221113	53	52
23221121	60	56
23221122	60	69
23221123	60	66
23221131	55	51
23221132	55	64
23221133	55	61
23221211	59	55
23221212	59	42
23221213	59	57
23221221	48	41
23221222	48	28
23221223	48	43
23221231	57	56
23221232	57	43
23221233	57	58
23221311	50	75
23221312	50	80
23221313	50	65
23221321	53	81
23221322	53	86
23221323	53	71
23221331	46	66
23221332	46	71
23221333	46	56
23222111	55	56
23222112	55	69
23222113	55	66
23222121	62	70
23222122	62	83
23222123	62	80
23222131	57	65
23222132	57	78
23222133	57	75
23222211	37	41
23222212	37	28
23222213	37	43
23222221	26	27
23222222	26	14
23222223	26	29
23222231	35	42
23222232	35	29
23222233	35	44
23222311	42	81
23222312	42	86
23222313	42	71
23222321	45	87
23222322	45	92
23222323	45	77
23222331	38	72
23222332	38	77
23222333	38	62
23223111	65	50
23223112	65	63
23223113	65	60
23223121	72	64
23223122	72	77
23223123	72	74
23223131	67	59
23223132	67	72
23223133	67	69
23223211	63	55
23223212	63	42
23223213	63	57
23223221	52	41
23223222	52	28
23223223	52	43
23223231	61	56
23223232	61	43
23223233	61	58
23223311	48	67
23223312	48	72
23223313	48	57
23223321	51	73
23223322	51	78
23223323	51	63
23223331	44	58
23223332	44	63
23223333	44	48
23231111	36	39
23231112	36	52
23231113	36	49
23231121	43	53
23231122	43	66
23231123	43	63
23231131	38	48
23231132	38	61
23231133	38	58
23231211	53	68
23231212	53	55
23231213	53	70
23231221	42	54
23231222	42	41
23231223	42	56
23231231	51	69
23231232	51	56
23231233	51	71
23231311	34	62
23231312	34	67
23231313	34	52
23231321	37	68
23231322	37	73
23231323	37	58
23231331	30	53
23231332	30	58
23231333	30	43
23232111	60	53
23232112	60	66
23232113	60	63
23232121	67	67
23232122	67	80
23232123	67	77
23232131	62	62
23232132	62	75
23232133	62	72
23232211	53	54
23232212	53	41
23232213	53	56
23232221	42	40
23232222	42	27
23232223	42	42
23232231	51	55
23232232	51	42
23232233	51	57
23232311	48	68
23232312	48	73
23232313	48	58
23232321	51	74
23232322	51	79
23232323	51	64
23232331	44	59
23232332	44	64
23232333	44	49
23233111	43	47
23233112	43	60
23233113	43	57
23233121	50	61
23233122	50	74
23233123	50	71
23233131	45	56
23233132	45	69
23233133	45	66
23233211	52	68
23233212	52	55
23233213	52	70
23233221	41	54
23233222	41	41
23233223	41	56
23233231	50	69
23233232	50	56
23233233	50	71
23233311	27	54
23233312	27	59
23233313	27	44
23233321	30	60
23233322	30	65
23233323	30	50
23233331	23	45
23233332	23	50
23233333	23	35
23311111	28	23
23311112	28	36
23311113	28	33
23311121	37	37
23311122	37	50
23311123	37	47
23311131	28	32
23311132	28	45
23311133	28	42
23311211	56	82
23311212	56	69
23311213	56	84
23311221	47	68
23311222	47	55
23311223	47	70
23311231	52	83
23311232	52	70
23311233	52	85
23311311	30	58
23311312	30	63
23311313	30	48
23311321	35	64
23311322	35	69
23311323	35	54
23311331	24	49
23311332	24	54
23311333	24	39
23312111	54	37
23312112	54	50
23312113	54	47
23312121	63	51
23312122	63	64
23312123	63	61
23312131	54	46
23312132	54	59
23312133	54	56
23312211	58	68
23312212	58	55
23312213	58	70
23312221	49	54
23312222	49	41
23312223	49	56
23312231	54	69
23312232	54	56
23312233	54	71
23312311	46	64
23312312	46	69
23312313	46	54
23312321	51	70
23312322	51	75
23312323	51	60
23312331	40	55
23312332	40	60
23312333	40	45
23313111	41	31
23313112	41	44
23313113	41	41
23313121	50	45
23313122	50	58
23313123	50	55
23313131	41	40
23313132	41	53
23313133	41	50
23313211	61	82
23313212	61	69
23313213	61	84
23313221	52	68
23313222	52	55
23313223	52	70
23313231	57	83
23313232	57	70
23313233	57	85
23313311	29	50
23313312	29	55
23313313	29	40
23313321	34	56
23313322	34	61
23313323	34	46
23313331	23	41
23313332	23	46
23313333	23	31
23321111	49	36
23321112	49	49
23321113	49	46
23321121	58	50
23321122	58	63
23321123	58	60
23321131	49	45
23321132	49	58
23321133	49	55
23321211	61	69
23321212	61	56
23321213	61	71
23321221	52	55
23321222	52	42
23321223	52	57
23321231	57	70
23321232	57	57
23321233	57	72
23321311	44	61
23321312	44	66
23321313	44	51
23321321	49	67
23321322	49	72
23321323	49	57
23321331	38	52
23321332	38	57
23321333	38	42
23322111	51	50
23322112	51	63
23322113	51	60
23322121	60	64
23322122	60	77
23322123	60	74
23322131	51	59
23322132	51	72
23322133	51	69
23322211	39	55
23322212	39	42
23322213	39	57
23322221	30	41
23322222	30	28
23322223	30	43
23322231	35	56
23322232	35	43
23322233	35	58
23322311	36	67
23322312	36	72
23322313	36	57
23322321	41	73
23322322	41	78
23322323	41	63
23322331	30	58
23322332	30	63
23322333	30	48
23323111	61	44
23323112	61	57
23323113	61	54
23323121	70	58
23323122	70	71
23323123	70	68
23323131	61	53
23323132	61	66
23323133	61	63
23323211	65	69
23323212	65	56
23323213	65	71
23323221	56	55
23323222	56	42
23323223	56	57
23323231	61	70
23323232	61	57
23323233	61	72
23323311	42	53
23323312	42	58
23323313	42	43
23323321	47	59
23323322	47	64
23323323	47	49
23323331	36	44
23323332	36	49
23323333	36	34
23331111	28	33
23331112	28	46
23331113	28	43
23331121	37	47
23331122	37	60
23331123	37	57
23331131	28	42
23331132	28	55
23331133	28	52
23331211	51	82
23331212	51	69
23331213	51	84
23331221	42	68
23331222	42	55
23331223	42	70
23331231	47	83
23331232	47	70
23331233	47	85
23331311	24	48
23331312	24	53
23331313	24	38
23331321	29	54
23331322	29	59
23331323	29	44
23331331	18	39
23331332	18	44
23331333	18	29
23332111	52	47
23332112	52	60
23332113	52	57
23332121	61	61
23332122	61	74
23332123	61	71
23332131	52	56
23332132	52	69
23332133	52	66
23332211	51	68
23332212	51	55
23332213	51	70
23332221	42	54
23332222	42	41
23332223	42	56
23332231	47	69
23332232	47	56
23332233	47	71
23332311	38	54
23332312	38	59
23332313	38	44
23332321	43	60
23332322	43	65
23332323	43	50
23332331	32	45
23332332	32	50
23332333	32	35
23333111	35	41
23333112	35	54
23333113	35	51
23333121	44	55
23333122	44	68
23333123	44	65
23333131	35	50
23333132	35	63
23333133	35	60
23333211	50	82
23333212	50	69
23333213	50	84
23333221	41	68
23333222	41	55
23333223	41	70
23333231	46	83
23333232	46	70
23333233	46	85
23333311	17	40
23333312	17	45
23333313	17	30
23333321	22	46
23333322	22	51
23333323	22	36
23333331	11	31
23333332	11	36
23333333	11	21
31111111	9	20
31111112	9	33
31111113	9	30
31111121	21	34
31111122	21	47
31111123	21	44
31111131	15	29
31111132	15	42
31111133	15	39
31111211	50	102
31111212	50	89
31111213	50	104
31111221	44	88
31111222	44	75
31111223	44	90
31111231	52	103
31111232	52	90
31111233	52	105
31111311	29	53
31111312	29	58
31111313	29	43
31111321	37	59
31111322	37	64
31111323	37	49
31111331	29	44
31111332	29	49
31111333	29	34
31112111	35	34
31112112	35	47
31112113	35	44
31112121	47	48
31112122	47	61
31112123	47	58
31112131	41	43
31112132	41	56
31112133	41	53
31112211	52	88
31112212	52	75
31112213	52	90
31112221	46	74
31112222	46	61
31112223	46	76
31112231	54	89
31112232	54	76
31112233	54	91
31112311	45	59
31112312	45	64
31112313	45	49
31112321	53	65
31112322	53	70
31112323	53	55
31112331	45	50
31112332	45	55
31112333	45	40
31113111	18	28
31113112	18	41
31113113	18	38
31113121	30	42
31113122	30	55
31113123	30	52
31113131	24	37
31113132	24	50
31113133	24	47
31113211	51	102
31113212	51	89
31113213	51	104
31113221	45	88
31113222	45	75
31113223	45	90
31113231	53	103
31113232	53	90
31113233	53	105
31113311	24	45
31113312	24	50
31113313	24	35
31113321	32	51
31113322	32	56
31113323	32	41
31113331	24	36
31113332	24	41
31113333	24	26
31121111	43	33
31121112	43	46
31121113	43	43
31121121	55	47
31121122	55	60
31121123	55	57
31121131	49	42
31121132	49	55
31121133	49	52
31121211	68	89
31121212	68	76
31121213	68	91
31121221	62	75
31121222	62	62
31121223	62	77
31121231	70	90
31121232	70	77
31121233	70	92
31121311	56	56
31121312	56	61
31121313	56	46
31121321	64	62
31121322	64	67
31121323	64	52
31121331	56	47
31121332	56	52
31121333	56	37
31122111	45	47
31122112	45	60
31122113	45	57
31122121	57	61
31122122	57	74
31122123	57	71
31122131	51	56
31122132	51	69
31122133	51	66
31122211	46	75
31122212	46	62
31122213	46	77
31122221	40	61
31122222	40	48
31122223	40	63
31122231	48	76
31122232	48	63
31122233	48	78
31122311	48	62
31122312	48	67
31122313	48	52
31122321	56	68
31122322	56	73
31122323	56	58
31122331	48	53
31122332	48	58
31122333	48	43
31123111	51	41
31123112	51	54
31123113	51	51
31123121	63	55
31123122	63	68
31123123	63	65
31123131	57	50
31123132	57	63
31123133	57	60
31123211	68	89
31123212	68	76
31123213	68	91
31123221	62	75
31123222	62	62
31123223	62	77
31123231	70	90
31123232	70	77
31123233	70	92
31123311	50	48
31123312	50	53
31123313	50	38
31123321	58	54
31123322	58	59
31123323	58	44
31123331	50	39
31123332	50	44
31123333	50	29
31131111	21	30
31131112	21	43
31131113	21	40
31131121	33	44
31131122	33	57
31131123	33	54
31131131	27	39
31131132	27	52
31131133	27	49
31131211	57	102
31131212	57	89
31131213	57	104
31131221	51	88
31131222	51	75
31131223	51	90
31131231	59	103
31131232	59	90
31131233	59	105
31131311	35	43
31131312	35	48
31131313	35	33
31131321	43	49
31131322	43	54
31131323	43	39
31131331	35	34
31131332	35	39
31131333	35	24
31132111	45	44
31132112	45	57
31132113	45	54
31132121	57	58
31132122	57	71
31132123	57	68
31132131	51	53
31132132	51	66
31132133	51	63
31132211	57	88
31132212	57	75
31132213	57	90
31132221	51	74
31132222	51	61
31132223	51	76
31132231	59	89
31132232	59	76
31132233	59	91
31132311	49	49
31132312	49	54
31132313	49	39
31132321	57	55
31132322	57	60
31132323	57	45
31132331	49	40
31132332	49	45
31132333	49	30
31133111	24	38
31133112	24	51
31133113	24	48
31133121	36	52
31133122	36	65
31133123	36	62
31133131	30	47
31133132	30	60
31133133	30	57
31133211	52	102
31133212	52	89
31133213	52	104
31133221	46	88
31133222	46	75
31133223	46	90
31133231	54	103
31133232	54	90
31133233	54	105
31133311	24	35
31133312	24	40
31133313	24	25
31133321	32	41
31133322	32	46
31133323	32	31
31133331	24	26
31133332	24	31
31133333	24	16
31211111	25	34
31211112	25	47
31211113	25	44
31211121	33	48
31211122	33	61
31211123	33	58
31211131	29	43
31211132	29	56
31211133	29	53
31211211	54	88
31211212	54	75
31211213	54	90
31211221	44	74
31211222	44	61
31211223	44	76
31211231	54	89
31211232	54	76
31211233	54	91
31211311	39	59
31211312	39	64
31211313	39	49
31211321	43	65
31211322	43	70
31211323	43	55
31211331	37	50
31211332	37	55
31211333	37	40
31212111	51	48
31212112	51	61
31212113	51	58
31212121	59	62
31212122	59	75
31212123	59	72
31212131	55	57
31212132	55	70
31212133	55	67
31212211	56	74
31212212	56	61
31212213	56	76
31212221	46	60
31212222	46	47
31212223	46	62
31212231	56	75
31212232	56	62
31212233	56	77
31212311	55	65
31212312	55	70
31212313	55	55
31212321	59	71
31212322	59	76
31212323	59	61
31212331	53	56
31212332	53	61
31212333	53	46
31213111	34	42
31213112	34	55
31213113	34	52
31213121	42	56
31213122	42	69
31213123	42	66
31213131	38	51
31213132	38	64
31213133	38	61
31213211	55	88
31213212	55	75
31213213	55	90
31213221	45	74
31213222	45	61
31213223	45	76
31213231	55	89
31213232	55	76
31213233	55	91
31213311	34	51
31213312	34	56
31213313	34	41
31213321	38	57
31213322	38	62
31213323	38	47
31213331	32	42
31213332	32	47
31213333	32	32
31221111	51	47
31221112	51	60
31221113	51	57
31221121	59	61
31221122	59	74
31221123	59	71
31221131	55	56
31221132	55	69
31221133	55	66
31221211	64	75
31221212	64	62
31221213	64	77
31221221	54	61
31221222	54	48
31221223	54	63
31221231	64	76
31221232	64	63
31221233	64	78
31221311	58	62
31221312	58	67
31221313	58	52
31221321	62	68
31221322	62	73
31221323	62	58
31221331	56	53
31221332	56	58
31221333	56	43
31222111	53	61
31222112	53	74
31222113	53	71
31222121	61	75
31222122	61	88
31222123	61	85
31222131	57	70
31222132	57	83
31222133	57	80
31222211	42	61
31222212	42	48
31222213	42	63
31222221	32	47
31222222	32	34
31222223	32	49
31222231	42	62
31222232	42	49
31222233	42	64
31222311	50	68
31222312	50	73
31222313	50	58
31222321	54	74
31222322	54	79
31222323	54	64
31222331	48	59
31222332	48	64
31222333	48	49
31223111	59	55
31223112	59	68
31223113	59	65
31223121	67	69
31223122	67	82
31223123	67	79
31223131	63	64
31223132	63	77
31223133	63	74
31223211	64	75
31223212	64	62
31223213	64	77
31223221	54	61
31223222	54	48
31223223	54	63
31223231	64	76
31223232	64	63
31223233	64	78
31223311	52	54
31223312	52	59
31223313	52	44
31223321	56	60
31223322	56	65
31223323	56	50
31223331	50	45
31223332	50	50
31223333	50	35
31231111	33	44
31231112	33	57
31231113	33	54
31231121	41	58
31231122	41	71
31231123	41	68
31231131	37	53
31231132	37	66
31231133	37	63
31231211	57	88
31231212	57	75
31231213	57	90
31231221	47	74
31231222	47	61
31231223	47	76
31231231	57	89
31231232	57	76
31231233	57	91
31231311	41	49
31231312	41	54
31231313	41	39
31231321	45	55
31231322	45	60
31231323	45	45
31231331	39	40
31231332	39	45
31231333	39	30
31232111	57	58
31232112	57	71
31232113	57	68
31232121	65	72
31232122	65	85
31232123	65	82
31232131	61	67
31232132	61	80
31232133	61	77
31232211	57	74
31232212	57	61
31232213	57	76
31232221	47	60
31232222	47	47
31232223	47	62
31232231	57	75
31232232	57	62
31232233	57	77
31232311	55	55
31232312	55	60
31232313	55	45
31232321	59	61
31232322	59	66
31232323	59	51
31232331	53	46
31232332	53	51
31232333	53	36
31233111	36	52
31233112	36	65
31233113	36	62
31233121	44	66
31233122	44	79
31233123	44	76
31233131	40	61
31233132	40	74
31233133	40	71
31233211	52	88
31233212	52	75
31233213	52	90
31233221	42	74
31233222	42	61
31233223	42	76
31233231	52	89
31233232	52	76
31233233	52	91
31233311	30	41
31233312	30	46
31233313	30	31
31233321	34	47
31233322	34	52
31233323	34	37
31233331	28	32
31233332	28	37
31233333	28	22
31311111	18	28
31311112	18	41
31311113	18	38
31311121	28	42
31311122	28	55
31311123	28	52
31311131	20	37
31311132	20	50
31311133	20	47
31311211	53	102
31311212	53	89
31311213	53	104
31311221	45	88
31311222	45	75
31311223	45	90
31311231	51	103
31311232	51	90
31311233	51	105
31311311	30	45
31311312	30	50
31311313	30	35
31311321	36	51
31311322	36	56
31311323	36	41
31311331	26	36
31311332	26	41
31311333	26	26
31312111	44	42
31312112	44	55
31312113	44	52
31312121	54	56
31312122	54	69
31312123	54	66
31312131	46	51
31312132	46	64
31312133	46	61
31312211	55	88
31312212	55	75
31312213	55	90
31312221	47	74
31312222	47	61
31312223	47	76
31312231	53	89
31312232	53	76
31312233	53	91
31312311	46	51
31312312	46	56
31312313	46	41
31312321	52	57
31312322	52	62
31312323	52	47
31312331	42	42
31312332	42	47
31312333	42	32
31313111	27	36
31313112	27	49
31313113	27	46
31313121	37	50
31313122	37	63
31313123	37	60
31313131	29	45
31313132	29	58
31313133	29	55
31313211	54	102
31313212	54	89
31313213	54	104
31313221	46	88
31313222	46	75
31313223	46	90
31313231	52	103
31313232	52	90
31313233	52	105
31313311	25	37
31313312	25	42
31313313	25	27
31313321	31	43
31313322	31	48
31313323	31	33
31313331	21	28
31313332	21	33
31313333	21	18
31321111	48	41
31321112	48	54
31321113	48	51
31321121	58	55
31321122	58	68
31321123	58	65
31321131	50	50
31321132	50	63
31321133	50	60
31321211	67	89
31321212	67	76
31321213	67	91
31321221	59	75
31321222	59	62
31321223	59	77
31321231	65	90
31321232	65	77
31321233	65	92
31321311	53	48
31321312	53	53
31321313	53	38
31321321	59	54
31321322	59	59
31321323	59	44
31321331	49	39
31321332	49	44
31321333	49	29
31322111	50	55
31322112	50	68
31322113	50	65
31322121	60	69
31322122	60	82
31322123	60	79
31322131	52	64
31322132	52	77
31322133	52	74
31322211	45	75
31322212	45	62
31322213	45	77
31322221	37	61
31322222	37	48
31322223	37	63
31322231	43	76
31322232	43	63
31322233	43	78
31322311	45	54
31322312	45	59
31322313	45	44
31322321	51	60
31322322	51	65
31322323	51	50
31322331	41	45
31322332	41	50
31322333	41	35
31323111	56	49
31323112	56	62
31323113	56	59
31323121	66	63
31323122	66	76
31323123	66	73
31323131	58	58
31323132	58	71
31323133	58	68
31323211	67	89
31323212	67	76
31323213	67	91
31323221	59	75
31323222	59	62
31323223	59	77
31323231	65	90
31323232	65	77
31323233	65	92
31323311	47	40
31323312	47	45
31323313	47	30
31323321	53	46
31323322	53	51
31323323	53	36
31323331	43	31
31323332	43	36
31323333	43	21
31331111	26	38
31331112	26	51
31331113	26	48
31331121	36	52
31331122	36	65
31331123	36	62
31331131	28	47
31331132	28	60
31331133	28	57
31331211	56	102
31331212	56	89
31331213	56	104
31331221	48	88
31331222	48	75
31331223	48	90
31331231	54	103
31331232	54	90
31331233	54	105
31331311	32	35
31331312	32	40
31331313	32	25
31331321	38	41
31331322	38	46
31331323	38	31
31331331	28	26
31331332	28	31
31331333	28	16
31332111	50	52
31332112	50	65
31332113	50	62
31332121	60	66
31332122	60	79
31332123	60	76
31332131	52	61
31332132	52	74
31332133	52	71
31332211	56	88
31332212	56	75
31332213	56	90
31332221	48	74
31332222	48	61
31332223	48	76
31332231	54	89
31332232	54	76
31332233	54	91
31332311	46	41
31332312	46	46
31332313	46	31
31332321	52	47
31332322	52	52
31332323	52	37
31332331	42	32
31332332	42	37
31332333	42	22
31333111	29	46
31333112	29	59
31333113	29	56
31333121	39	60
31333122	39	73
31333123	39	70
31333131	31	55
31333132	31	68
31333133	31	65
31333211	51	102
31333212	51	89
31333213	51	104
31333221	43	88
31333222	43	75
31333223	43	90
31333231	49	103
31333232	49	90
31333233	49	97
31333311	21	27
31333312	21	32
31333313	21	17
31333321	27	33
31333322	27	38
31333323	27	23
31333331	17	18
31333332	17	23
31333333	17	8
32111111	34	33
32111112	34	46
32111113	34	43
32111121	44	47
32111122	44	60
32111123	44	57
32111131	39	42
32111132	39	55
32111133	39	52
32111211	59	89
32111212	59	76
32111213	59	91
32111221	51	75
32111222	51	62
32111223	51	77
32111231	60	90
32111232	60	77
32111233	60	92
32111311	48	59
32111312	48	64
32111313	48	49
32111321	54	65
32111322	54	70
32111323	54	55
32111331	47	50
32111332	47	55
32111333	47	40
32112111	60	47
32112112	60	60
32112113	60	57
32112121	70	61
32112122	70	74
32112123	70	71
32112131	65	56
32112132	65	69
32112133	65	66
32112211	61	75
32112212	61	62
32112213	61	77
32112221	53	61
32112222	53	48
32112223	53	63
32112231	62	76
32112232	62	63
32112233	62	78
32112311	64	65
32112312	64	70
32112313	64	55
32112321	70	71
32112322	70	76
32112323	70	61
32112331	63	56
32112332	63	61
32112333	63	46
32113111	43	41
32113112	43	54
32113113	43	51
32113121	53	55
32113122	53	68
32113123	53	65
32113131	48	50
32113132	48	63
32113133	48	60
32113211	60	89
32113212	60	76
32113213	60	91
32113221	52	75
32113222	52	62
32113223	52	77
32113231	61	90
32113232	61	77
32113233	61	92
32113311	43	51
32113312	43	56
32113313	43	41
32113321	49	57
32113322	49	62
32113323	49	47
32113331	42	42
32113332	42	47
32113333	42	32
32121111	53	46
32121112	53	59
32121113	53	56
32121121	63	60
32121122	63	73
32121123	63	70
32121131	58	55
32121132	58	68
32121133	58	65
32121211	62	76
32121212	62	63
32121213	62	78
32121221	54	62
32121222	54	49
32121223	54	64
32121231	63	77
32121232	63	64
32121233	63	79
32121311	60	62
32121312	60	67
32121313	60	52
32121321	66	68
32121322	66	73
32121323	66	58
32121331	59	53
32121332	59	58
32121333	59	43
32122111	55	60
32122112	55	73
32122113	55	70
32122121	65	74
32122122	65	87
32122123	65	84
32122131	60	69
32122132	60	82
32122133	60	79
32122211	40	62
32122212	40	49
32122213	40	64
32122221	32	48
32122222	32	35
32122223	32	50
32122231	41	63
32122232	41	50
32122233	41	65
32122311	52	68
32122312	52	73
32122313	52	58
32122321	58	74
32122322	58	79
32122323	58	64
32122331	51	59
32122332	51	64
32122333	51	49
32123111	61	54
32123112	61	67
32123113	61	64
32123121	71	68
32123122	71	81
32123123	71	78
32123131	66	63
32123132	66	76
32123133	66	73
32123211	62	76
32123212	62	63
32123213	62	78
32123221	54	62
32123222	54	49
32123223	54	64
32123231	63	77
32123232	63	64
32123233	63	79
32123311	54	54
32123312	54	59
32123313	54	44
32123321	60	60
32123322	60	65
32123323	60	50
32123331	53	45
32123332	53	50
32123333	53	35
32131111	37	43
32131112	37	56
32131113	37	53
32131121	47	57
32131122	47	70
32131123	47	67
32131131	42	52
32131132	42	65
32131133	42	62
32131211	57	89
32131212	57	76
32131213	57	91
32131221	49	75
32131222	49	62
32131223	49	77
32131231	58	90
32131232	58	77
32131233	58	92
32131311	45	49
32131312	45	54
32131313	45	39
32131321	51	55
32131322	51	60
32131323	51	45
32131331	44	40
32131332	44	45
32131333	44	30
32132111	61	57
32132112	61	70
32132113	61	67
32132121	71	71
32132122	71	84
32132123	71	81
32132131	66	66
32132132	66	79
32132133	66	76
32132211	57	75
32132212	57	62
32132213	57	77
32132221	49	61
32132222	49	48
32132223	49	63
32132231	58	76
32132232	58	63
32132233	58	78
32132311	59	55
32132312	59	60
32132313	59	45
32132321	65	61
32132322	65	66
32132323	65	51
32132331	58	46
32132332	58	51
32132333	58	36
32133111	40	51
32133112	40	64
32133113	40	61
32133121	50	65
32133122	50	78
32133123	50	75
32133131	45	60
32133132	45	73
32133133	45	70
32133211	52	89
32133212	52	76
32133213	52	91
32133221	44	75
32133222	44	62
32133223	44	77
32133231	53	90
32133232	53	77
32133233	53	92
32133311	34	41
32133312	34	46
32133313	34	31
32133321	40	47
32133322	40	52
32133323	40	37
32133331	33	32
32133332	33	37
32133333	33	22
32211111	42	47
32211112	42	60
32211113	42	57
32211121	48	61
32211122	48	74
32211123	48	71
32211131	45	56
32211132	45	69
32211133	45	66
32211211	55	75
32211212	55	62
32211213	55	77
32211221	43	61
32211222	43	48
32211223	43	63
32211231	54	76
32211232	54	63
32211233	54	78
32211311	50	65
32211312	50	70
32211313	50	55
32211321	52	71
32211322	52	76
32211323	52	61
32211331	47	56
32211332	47	61
32211333	47	46
32212111	68	61
32212112	68	74
32212113	68	71
32212121	74	75
32212122	74	88
32212123	74	85
32212131	71	70
32212132	71	83
32212133	71	80
32212211	57	61
32212212	57	48
32212213	57	63
32212221	45	47
32212222	45	34
32212223	45	49
32212231	56	62
32212232	56	49
32212233	56	64
32212311	66	71
32212312	66	76
32212313	66	61
32212321	68	77
32212322	68	82
32212323	68	67
32212331	63	62
32212332	63	67
32212333	63	52
32213111	51	55
32213112	51	68
32213113	51	65
32213121	57	69
32213122	57	82
32213123	57	79
32213131	54	64
32213132	54	77
32213133	54	74
32213211	56	75
32213212	56	62
32213213	56	77
32213221	44	61
32213222	44	48
32213223	44	63
32213231	55	76
32213232	55	63
32213233	55	78
32213311	45	57
32213312	45	62
32213313	45	47
32213321	47	63
32213322	47	68
32213323	47	53
32213331	42	48
32213332	42	53
32213333	42	38
32221111	53	60
32221112	53	73
32221113	53	70
32221121	59	74
32221122	59	87
32221123	59	84
32221131	56	69
32221132	56	82
32221133	56	79
32221211	50	62
32221212	50	49
32221213	50	64
32221221	38	48
32221222	38	35
32221223	38	50
32221231	49	63
32221232	49	50
32221233	49	65
32221311	54	68
32221312	54	73
32221313	54	58
32221321	56	74
32221322	56	79
32221323	56	64
32221331	51	59
32221332	51	64
32221333	51	49
32222111	55	74
32222112	55	87
32222113	55	84
32222121	61	88
32222122	61	101
32222123	61	98
32222131	58	83
32222132	58	96
32222133	58	93
32222211	28	48
32222212	28	35
32222213	28	50
32222221	16	34
32222222	16	21
32222223	16	36
32222231	27	49
32222232	27	36
32222233	27	51
32222311	46	74
32222312	46	79
32222313	46	64
32222321	48	80
32222322	48	85
32222323	48	70
32222331	43	65
32222332	43	70
32222333	43	55
32223111	61	68
32223112	61	81
32223113	61	78
32223121	67	82
32223122	67	95
32223123	67	92
32223131	64	77
32223132	64	90
32223133	64	87
32223211	50	62
32223212	50	49
32223213	50	64
32223221	38	48
32223222	38	35
32223223	38	50
32223231	49	63
32223232	49	50
32223233	49	65
32223311	48	60
32223312	48	65
32223313	48	50
32223321	50	66
32223322	50	71
32223323	50	56
32223331	45	51
32223332	45	56
32223333	45	41
32231111	41	57
32231112	41	70
32231113	41	67
32231121	47	71
32231122	47	84
32231123	47	81
32231131	44	66
32231132	44	79
32231133	44	76
32231211	49	75
32231212	49	62
32231213	49	77
32231221	37	61
32231222	37	48
32231223	37	63
32231231	48	76
32231232	48	63
32231233	48	78
32231311	43	55
32231312	43	60
32231313	43	45
32231321	45	61
32231322	45	66
32231323	45	51
32231331	40	46
32231332	40	51
32231333	40	36
32232111	65	71
32232112	65	84
32232113	65	81
32232121	71	85
32232122	71	98
32232123	71	95
32232131	68	80
32232132	68	93
32232133	68	90
32232211	49	61
32232212	49	48
32232213	49	63
32232221	37	47
32232222	37	34
32232223	37	49
32232231	48	62
32232232	48	49
32232233	48	64
32232311	57	61
32232312	57	66
32232313	57	51
32232321	59	67
32232322	59	72
32232323	59	57
32232331	54	52
32232332	54	57
32232333	54	42
32233111	44	65
32233112	44	78
32233113	44	75
32233121	50	79
32233122	50	92
32233123	50	89
32233131	47	74
32233132	47	87
32233133	47	84
32233211	44	75
32233212	44	62
32233213	44	77
32233221	32	61
32233222	32	48
32233223	32	63
32233231	43	76
32233232	43	63
32233233	43	78
32233311	32	47
32233312	32	52
32233313	32	37
32233321	34	53
32233322	34	58
32233323	34	43
32233331	29	38
32233332	29	43
32233333	29	28
32311111	42	41
32311112	42	54
32311113	42	51
32311121	50	55
32311122	50	68
32311123	50	65
32311131	43	50
32311132	43	63
32311133	43	60
32311211	61	89
32311212	61	76
32311213	61	91
32311221	51	75
32311222	51	62
32311223	51	77
32311231	58	90
32311232	58	77
32311233	58	92
32311311	48	51
32311312	48	56
32311313	48	41
32311321	52	57
32311322	52	62
32311323	52	47
32311331	43	42
32311332	43	47
32311333	43	32
32312111	68	55
32312112	68	68
32312113	68	65
32312121	76	69
32312122	76	82
32312123	76	79
32312131	69	64
32312132	69	77
32312133	69	74
32312211	63	75
32312212	63	62
32312213	63	77
32312221	53	61
32312222	53	48
32312223	53	63
32312231	60	76
32312232	60	63
32312233	60	78
32312311	64	57
32312312	64	62
32312313	64	47
32312321	68	63
32312322	68	68
32312323	68	53
32312331	59	48
32312332	59	53
32312333	59	38
32313111	51	49
32313112	51	62
32313113	51	59
32313121	59	63
32313122	59	76
32313123	59	73
32313131	52	58
32313132	52	71
32313133	52	68
32313211	62	89
32313212	62	76
32313213	62	91
32313221	52	75
32313222	52	62
32313223	52	77
32313231	59	90
32313232	59	77
32313233	59	92
32313311	43	43
32313312	43	48
32313313	43	33
32313321	47	49
32313322	47	54
32313323	47	39
32313331	38	34
32313332	38	39
32313333	38	24
32321111	57	54
32321112	57	67
32321113	57	64
32321121	65	68
32321122	65	81
32321123	65	78
32321131	58	63
32321132	58	76
32321133	58	73
32321211	60	76
32321212	60	63
32321213	60	78
32321221	50	62
32321222	50	49
32321223	50	64
32321231	57	77
32321232	57	64
32321233	57	79
32321311	56	54
32321312	56	59
32321313	56	44
32321321	60	60
32321322	60	65
32321323	60	50
32321331	51	45
32321332	51	50
32321333	51	35
32322111	59	68
32322112	59	81
32322113	59	78
32322121	67	82
32322122	67	95
32322123	67	92
32322131	60	77
32322132	60	90
32322133	60	87
32322211	38	62
32322212	38	49
32322213	38	64
32322221	28	48
32322222	28	35
32322223	28	50
32322231	35	63
32322232	35	50
32322233	35	65
32322311	48	60
32322312	48	65
32322313	48	50
32322321	52	66
32322322	52	71
32322323	52	56
32322331	43	51
32322332	43	56
32322333	43	41
32323111	65	62
32323112	65	75
32323113	65	72
32323121	73	76
32323122	73	89
32323123	73	86
32323131	66	71
32323132	66	84
32323133	66	81
32323211	60	76
32323212	60	63
32323213	60	78
32323221	50	62
32323222	50	49
32323223	50	64
32323231	57	77
32323232	57	64
32323233	57	79
32323311	50	46
32323312	50	51
32323313	50	36
32323321	54	52
32323322	54	57
32323323	54	42
32323331	45	37
32323332	45	42
32323333	45	27
32331111	41	51
32331112	41	64
32331113	41	61
32331121	49	65
32331122	49	78
32331123	49	75
32331131	42	60
32331132	42	73
32331133	42	70
32331211	55	89
32331212	55	76
32331213	55	91
32331221	45	75
32331222	45	62
32331223	45	77
32331231	52	90
32331232	52	77
32331233	52	92
32331311	41	41
32331312	41	46
32331313	41	31
32331321	45	47
32331322	45	52
32331323	45	37
32331331	36	32
32331332	36	37
32331333	36	22
32332111	65	65
32332112	65	78
32332113	65	75
32332121	73	79
32332122	73	92
32332123	73	89
32332131	66	74
32332132	66	87
32332133	66	84
32332211	55	75
32332212	55	62
32332213	55	77
32332221	45	61
32332222	45	48
32332223	45	63
32332231	52	76
32332232	52	63
32332233	52	78
32332311	55	47
32332312	55	52
32332313	55	37
32332321	59	53
32332322	59	58
32332323	59	43
32332331	50	38
32332332	50	43
32332333	50	28
32333111	44	59
32333112	44	72
32333113	44	69
32333121	52	73
32333122	52	86
32333123	52	83
32333131	45	68
32333132	45	81
32333133	45	78
32333211	50	89
32333212	50	76
32333213	50	91
32333221	40	75
32333222	40	62
32333223	40	77
32333231	47	90
32333232	47	77
32333233	47	92
32333311	30	33
32333312	30	38
32333313	30	23
32333321	34	39
32333322	34	44
32333323	34	29
32333331	25	24
32333332	25	29
32333333	25	14
33111111	22	28
33111112	22	41
33111113	22	38
33111121	33	42
33111122	33	55
33111123	33	52
33111131	26	37
33111132	26	50
33111133	26	47
33111211	59	103
33111212	59	90
33111213	59	105
33111221	52	89
33111222	52	76
33111223	52	91
33111231	59	104
33111232	59	91
33111233	59	106
33111311	30	45
33111312	30	50
33111313	30	35
33111321	37	51
33111322	37	56
33111323	37	41
33111331	28	36
33111332	28	41
33111333	28	26
33112111	48	42
33112112	48	55
33112113	48	52
33112121	59	56
33112122	59	69
33112123	59	66
33112131	52	51
33112132	52	64
33112133	52	61
33112211	61	89
33112212	61	76
33112213	61	91
33112221	54	75
33112222	54	62
33112223	54	77
33112231	61	90
33112232	61	77
33112233	61	92
33112311	46	51
33112312	46	56
33112313	46	41
33112321	53	57
33112322	53	62
33112323	53	47
33112331	44	42
33112332	44	47
33112333	44	32
33113111	31	36
33113112	31	49
33113113	31	46
33113121	42	50
33113122	42	63
33113123	42	60
33113131	35	45
33113132	35	58
33113133	35	55
33113211	60	103
33113212	60	90
33113213	60	105
33113221	53	89
33113222	53	76
33113223	53	91
33113231	60	104
33113232	60	91
33113233	60	106
33113311	25	37
33113312	25	42
33113313	25	27
33113321	32	43
33113322	32	48
33113323	32	33
33113331	23	28
33113332	23	33
33113333	23	18
33121111	49	41
33121112	49	54
33121113	49	51
33121121	60	55
33121122	60	68
33121123	60	65
33121131	53	50
33121132	53	63
33121133	53	60
33121211	70	90
33121212	70	77
33121213	70	92
33121221	63	76
33121222	63	63
33121223	63	78
33121231	70	91
33121232	70	78
33121233	70	93
33121311	50	48
33121312	50	53
33121313	50	38
33121321	57	54
33121322	57	59
33121323	57	44
33121331	48	39
33121332	48	44
33121333	48	29
33122111	51	55
33122112	51	68
33122113	51	65
33122121	62	69
33122122	62	82
33122123	62	79
33122131	55	64
33122132	55	77
33122133	55	74
33122211	48	76
33122212	48	63
33122213	48	78
33122221	41	62
33122222	41	49
33122223	41	64
33122231	48	77
33122232	48	64
33122233	48	79
33122311	42	54
33122312	42	59
33122313	42	44
33122321	49	60
33122322	49	65
33122323	49	50
33122331	40	45
33122332	40	50
33122333	40	35
33123111	57	49
33123112	57	62
33123113	57	59
33123121	68	63
33123122	68	76
33123123	68	73
33123131	61	58
33123132	61	71
33123133	61	68
33123211	70	90
33123212	70	77
33123213	70	92
33123221	63	76
33123222	63	63
33123223	63	78
33123231	70	91
33123232	70	78
33123233	70	93
33123311	44	40
33123312	44	45
33123313	44	30
33123321	51	46
33123322	51	51
33123323	51	36
33123331	42	31
33123332	42	36
33123333	42	21
33131111	20	38
33131112	20	51
33131113	20	48
33131121	31	52
33131122	31	65
33131123	31	62
33131131	24	47
33131132	24	60
33131133	24	57
33131211	52	103
33131212	52	90
33131213	52	105
33131221	45	89
33131222	45	76
33131223	45	91
33131231	52	104
33131232	52	91
33131233	52	105
33131311	22	35
33131312	22	40
33131313	22	25
33131321	29	41
33131322	29	46
33131323	29	31
33131331	20	26
33131332	20	31
33131333	20	16
33132111	44	52
33132112	44	65
33132113	44	62
33132121	55	66
33132122	55	79
33132123	55	76
33132131	48	61
33132132	48	74
33132133	48	71
33132211	52	89
33132212	52	76
33132213	52	91
33132221	45	75
33132222	45	62
33132223	45	77
33132231	52	90
33132232	52	77
33132233	52	92
33132311	36	41
33132312	36	46
33132313	36	31
33132321	43	47
33132322	43	52
33132323	43	37
33132331	34	32
33132332	34	37
33132333	34	22
33133111	23	46
33133112	23	59
33133113	23	56
33133121	34	60
33133122	34	73
33133123	34	70
33133131	27	55
33133132	27	68
33133133	27	65
33133211	47	103
33133212	47	90
33133213	47	105
33133221	40	89
33133222	40	76
33133223	40	91
33133231	47	104
33133232	47	91
33133233	47	97
33133311	11	27
33133312	11	32
33133313	11	17
33133321	18	33
33133322	18	38
33133323	18	23
33133331	9	18
33133332	9	23
33133333	9	8
33211111	37	42
33211112	37	55
33211113	37	52
33211121	44	56
33211122	44	69
33211123	44	66
33211131	39	51
33211132	39	64
33211133	39	61
33211211	62	89
33211212	62	76
33211213	62	91
33211221	51	75
33211222	51	62
33211223	51	77
33211231	60	90
33211232	60	77
33211233	60	92
33211311	39	51
33211312	39	56
33211313	39	41
33211321	42	57
33211322	42	62
33211323	42	47
33211331	35	42
33211332	35	47
33211333	35	32
33212111	63	56
33212112	63	69
33212113	63	66
33212121	70	70
33212122	70	83
33212123	70	80
33212131	65	65
33212132	65	78
33212133	65	75
33212211	64	75
33212212	64	62
33212213	64	77
33212221	53	61
33212222	53	48
33212223	53	63
33212231	62	76
33212232	62	63
33212233	62	78
33212311	55	57
33212312	55	62
33212313	55	47
33212321	58	63
33212322	58	68
33212323	58	53
33212331	51	48
33212332	51	53
33212333	51	38
33213111	46	50
33213112	46	63
33213113	46	60
33213121	53	64
33213122	53	77
33213123	53	74
33213131	48	59
33213132	48	72
33213133	48	69
33213211	63	89
33213212	63	76
33213213	63	91
33213221	52	75
33213222	52	62
33213223	52	77
33213231	61	90
33213232	61	77
33213233	61	92
33213311	34	43
33213312	34	48
33213313	34	33
33213321	37	49
33213322	37	54
33213323	37	39
33213331	30	34
33213332	30	39
33213333	30	24
33221111	56	55
33221112	56	68
33221113	56	65
33221121	63	69
33221122	63	82
33221123	63	79
33221131	58	64
33221132	58	77
33221133	58	74
33221211	65	76
33221212	65	63
33221213	65	78
33221221	54	62
33221222	54	49
33221223	54	64
33221231	63	77
33221232	63	64
33221233	63	79
33221311	51	54
33221312	51	59
33221313	51	44
33221321	54	60
33221322	54	65
33221323	54	50
33221331	47	45
33221332	47	50
33221333	47	35
33222111	58	69
33222112	58	82
33222113	58	79
33222121	65	83
33222122	65	96
33222123	65	93
33222131	60	78
33222132	60	91
33222133	60	88
33222211	43	62
33222212	43	49
33222213	43	64
33222221	32	48
33222222	32	35
33222223	32	50
33222231	41	63
33222232	41	50
33222233	41	65
33222311	43	60
33222312	43	65
33222313	43	50
33222321	46	66
33222322	46	71
33222323	46	56
33222331	39	51
33222332	39	56
33222333	39	41
33223111	64	63
33223112	64	76
33223113	64	73
33223121	71	77
33223122	71	90
33223123	71	87
33223131	66	72
33223132	66	85
33223133	66	82
33223211	65	76
33223212	65	63
33223213	65	78
33223221	54	62
33223222	54	49
33223223	54	64
33223231	63	77
33223232	63	64
33223233	63	79
33223311	45	46
33223312	45	51
33223313	45	36
33223321	48	52
33223322	48	57
33223323	48	42
33223331	41	37
33223332	41	42
33223333	41	27
33231111	31	52
33231112	31	65
33231113	31	62
33231121	38	66
33231122	38	79
33231123	38	76
33231131	33	61
33231132	33	74
33231133	33	71
33231211	51	89
33231212	51	76
33231213	51	91
33231221	40	75
33231222	40	62
33231223	40	77
33231231	49	90
33231232	49	77
33231233	49	92
33231311	27	41
33231312	27	46
33231313	27	31
33231321	30	47
33231322	30	52
33231323	30	37
33231331	23	32
33231332	23	37
33231333	23	22
33232111	55	66
33232112	55	79
33232113	55	76
33232121	62	80
33232122	62	93
33232123	62	90
33232131	57	75
33232132	57	88
33232133	57	85
33232211	51	75
33232212	51	62
33232213	51	77
33232221	40	61
33232222	40	48
33232223	40	63
33232231	49	76
33232232	49	63
33232233	49	78
33232311	41	47
33232312	41	52
33232313	41	37
33232321	44	53
33232322	44	58
33232323	44	43
33232331	37	38
33232332	37	43
33232333	37	28
33233111	34	60
33233112	34	73
33233113	34	70
33233121	41	74
33233122	41	87
33233123	41	84
33233131	36	69
33233132	36	82
33233133	36	79
33233211	46	89
33233212	46	76
33233213	46	91
33233221	35	75
33233222	35	62
33233223	35	77
33233231	44	90
33233232	44	77
33233233	44	92
33233311	16	33
33233312	16	38
33233313	16	23
33233321	19	39
33233322	19	44
33233323	19	29
33233331	12	24
33233332	12	29
33233333	12	14
33311111	29	36
33311112	29	49
33311113	29	46
33311121	38	50
33311122	38	63
33311123	38	60
33311131	29	45
33311132	29	58
33311133	29	55
33311211	60	103
33311212	60	90
33311213	60	105
33311221	51	89
33311222	51	76
33311223	51	91
33311231	56	104
33311232	56	91
33311233	56	106
33311311	29	37
33311312	29	42
33311313	29	27
33311321	34	43
33311322	34	48
33311323	34	33
33311331	23	28
33311332	23	33
33311333	23	18
33312111	55	50
33312112	55	63
33312113	55	60
33312121	64	64
33312122	64	77
33312123	64	74
33312131	55	59
33312132	55	72
33312133	55	69
33312211	62	89
33312212	62	76
33312213	62	91
33312221	53	75
33312222	53	62
33312223	53	77
33312231	58	90
33312232	58	77
33312233	58	92
33312311	45	43
33312312	45	48
33312313	45	33
33312321	50	49
33312322	50	54
33312323	50	39
33312331	39	34
33312332	39	39
33312333	39	24
33313111	38	44
33313112	38	57
33313113	38	54
33313121	47	58
33313122	47	71
33313123	47	68
33313131	38	53
33313132	38	66
33313133	38	63
33313211	61	103
33313212	61	90
33313213	61	105
33313221	52	89
33313222	52	76
33313223	52	91
33313231	57	104
33313232	57	91
33313233	57	99
33313311	24	29
33313312	24	34
33313313	24	19
33313321	29	35
33313322	29	40
33313323	29	25
33313331	18	20
33313332	18	25
33313333	18	10
33321111	52	49
33321112	52	62
33321113	52	59
33321121	61	63
33321122	61	76
33321123	61	73
33321131	52	58
33321132	52	71
33321133	52	68
33321211	67	90
33321212	67	77
33321213	67	92
33321221	58	76
33321222	58	63
33321223	58	78
33321231	63	91
33321232	63	78
33321233	63	93
33321311	45	40
33321312	45	45
33321313	45	30
33321321	50	46
33321322	50	51
33321323	50	36
33321331	39	31
33321332	39	36
33321333	39	21
33322111	54	63
33322112	54	76
33322113	54	73
33322121	63	77
33322122	63	90
33322123	63	87
33322131	54	72
33322132	54	85
33322133	54	82
33322211	45	76
33322212	45	63
33322213	45	78
33322221	36	62
33322222	36	49
33322223	36	64
33322231	41	77
33322232	41	64
33322233	41	79
33322311	37	46
33322312	37	51
33322313	37	36
33322321	42	52
33322322	42	57
33322323	42	42
33322331	31	37
33322332	31	42
33322333	31	27
33323111	60	57
33323112	60	70
33323113	60	67
33323121	69	71
33323122	69	84
33323123	69	81
33323131	60	66
33323132	60	79
33323133	60	76
33323211	67	90
33323212	67	77
33323213	67	92
33323221	58	76
33323222	58	63
33323223	58	78
33323231	63	91
33323232	63	78
33323233	63	93
33323311	39	32
33323312	39	37
33323313	39	22
33323321	44	38
33323322	44	43
33323323	44	28
33323331	33	23
33323332	33	28
33323333	33	13
33331111	23	46
33331112	23	59
33331113	23	56
33331121	32	60
33331122	32	73
33331123	32	70
33331131	23	55
33331132	23	68
33331133	23	65
33331211	49	103
33331212	49	90
33331213	49	105
33331221	40	89
33331222	40	76
33331223	40	91
33331231	45	104
33331232	45	91
33331233	45	97
33331311	17	27
33331312	17	32
33331313	17	17
33331321	22	33
33331322	22	38
33331323	22	23
33331331	11	18
33331332	11	23
33331333	11	8
33332111	47	60
33332112	47	73
33332113	47	70
33332121	56	74
33332122	56	87
33332123	56	84
33332131	47	69
33332132	47	82
33332133	47	79
33332211	49	89
33332212	49	76
33332213	49	91
33332221	40	75
33332222	40	62
33332223	40	77
33332231	45	90
33332232	45	77
33332233	45	92
33332311	31	33
33332312	31	38
33332313	31	23
33332321	36	39
33332322	36	44
33332323	36	29
33332331	25	24
33332332	25	29
33332333	25	14
33333111	26	54
33333112	26	67
33333113	26	64
33333121	35	68
33333122	35	81
33333123	35	78
33333131	26	63
33333132	26	76
33333133	26	67
33333211	44	103
33333212	44	90
33333213	44	98
33333221	35	89
33333222	35	76
33333223	35	91
33333231	40	99
33333232	40	91
33333233	40	89
33333311	6	19
33333312	6	24
33333313	6	9
33333321	11	25
33333322	11	30
33333323	11	15
33333331	0	10
33333332	0	15
33333333	0	0
# Average disruption <E> = 45.3333
# Average mutation <m> = 59.3178
