# Fields are number, contacting residues i & j (in library coordinates), and residues i & j (in PDB coordinates)
# n	i	j	pdbi	pdbj
0	3	4	4	5
1	3	6	4	7
2	3	60	4	61
3	3	63	4	64
4	3	76	4	77
5	4	5	5	6
6	4	6	5	7
7	5	6	6	7
8	6	7	7	8
9	6	9	7	10
10	6	10	7	11
11	6	76	7	77
12	6	204	7	205
13	6	205	7	206
14	6	208	7	209
15	7	8	8	9
16	7	9	8	10
17	7	10	8	11
18	7	11	8	12
19	8	9	9	10
20	8	10	9	11
21	8	11	9	12
22	8	12	9	13
23	9	10	10	11
24	9	11	10	12
25	9	12	10	13
26	9	205	10	206
27	9	208	10	209
28	9	209	10	210
29	9	212	10	213
30	10	11	11	12
31	10	14	11	15
32	10	54	11	55
33	10	57	11	58
34	10	58	11	59
35	10	76	11	77
36	10	79	11	80
37	10	208	11	209
38	11	12	12	13
39	11	13	12	14
40	11	14	12	15
41	11	55	12	56
42	11	58	12	59
43	11	59	12	60
44	12	13	13	14
45	12	14	13	15
46	12	15	13	16
47	12	212	13	213
48	13	14	14	15
49	13	15	14	16
50	13	16	14	17
51	13	17	14	18
52	13	54	14	55
53	13	212	14	213
54	14	15	15	16
55	14	16	15	17
56	14	51	15	52
57	14	54	15	55
58	14	55	15	56
59	14	58	15	59
60	15	16	16	17
61	15	17	16	18
62	15	18	16	19
63	15	19	16	20
64	16	17	17	18
65	16	19	17	20
66	16	216	17	217
67	17	18	18	19
68	17	19	18	20
69	17	20	18	21
70	17	21	18	22
71	17	47	18	48
72	17	50	18	51
73	17	51	18	52
74	17	54	18	55
75	17	215	18	216
76	17	216	18	217
77	17	219	18	220
78	17	220	18	221
79	18	19	19	20
80	18	20	19	21
81	18	21	19	22
82	18	22	19	23
83	18	51	19	52
84	19	20	20	21
85	19	21	20	22
86	19	22	20	23
87	20	21	21	22
88	20	22	21	23
89	20	23	21	24
90	20	24	21	25
91	20	47	21	48
92	20	220	21	221
93	21	22	22	23
94	21	23	22	24
95	21	24	22	25
96	21	25	22	26
97	21	44	22	45
98	21	47	22	48
99	21	48	22	49
100	22	23	23	24
101	22	25	23	26
102	23	24	24	25
103	23	25	24	26
104	23	26	24	27
105	23	27	24	28
106	23	224	24	225
107	23	228	24	229
108	24	25	25	26
109	24	26	25	27
110	24	27	25	28
111	24	43	25	44
112	24	44	25	45
113	24	47	25	48
114	24	220	25	221
115	24	223	25	224
116	24	224	25	225
117	24	227	25	228
118	25	26	26	27
119	25	27	26	28
120	25	29	26	30
121	25	44	26	45
122	26	27	27	28
123	26	28	27	29
124	26	29	27	30
125	27	28	28	29
126	27	40	28	41
127	27	227	28	228
128	27	228	28	229
129	28	29	29	30
130	28	30	29	31
131	28	31	29	32
132	28	40	29	41
133	29	30	30	31
134	30	31	31	32
135	31	32	32	33
136	31	33	32	34
137	31	36	32	37
138	31	37	32	38
139	31	40	32	41
140	31	230	32	231
141	32	33	33	34
142	32	37	33	38
143	33	34	34	35
144	33	35	34	36
145	33	36	34	37
146	33	37	34	38
147	33	234	34	235
148	34	35	35	36
149	34	37	35	38
150	34	38	35	39
151	35	36	36	37
152	35	38	36	39
153	35	39	36	40
154	35	96	36	97
155	35	97	36	98
156	35	233	36	234
157	35	234	36	235
158	35	236	36	237
159	36	37	37	38
160	36	38	37	39
161	36	39	37	40
162	36	40	37	41
163	36	230	37	231
164	36	233	37	234
165	36	234	37	235
166	37	38	38	39
167	37	39	38	40
168	37	40	38	41
169	37	41	38	42
170	38	39	39	40
171	38	40	39	41
172	38	92	39	93
173	38	96	39	97
174	39	40	40	41
175	39	43	40	44
176	39	93	40	94
177	39	96	40	97
178	39	97	40	98
179	39	226	40	227
180	39	227	40	228
181	39	233	40	234
182	40	41	41	42
183	40	42	41	43
184	40	44	41	45
185	40	227	41	228
186	40	230	41	231
187	41	42	42	43
188	41	43	42	44
189	41	45	42	46
190	42	43	43	44
191	42	45	43	46
192	42	46	43	47
193	42	89	43	90
194	42	92	43	93
195	42	93	43	94
196	43	44	44	45
197	43	45	44	46
198	43	46	44	47
199	43	47	44	48
200	43	93	44	94
201	43	223	44	224
202	43	226	44	227
203	43	227	44	228
204	44	45	45	46
205	44	46	45	47
206	44	47	45	48
207	45	46	46	47
208	45	47	46	48
209	45	48	46	49
210	45	49	46	50
211	45	89	46	90
212	46	47	47	48
213	46	86	47	87
214	46	89	47	90
215	46	90	47	91
216	46	93	47	94
217	46	219	47	220
218	47	48	48	49
219	47	49	48	50
220	47	50	48	51
221	47	51	48	52
222	47	220	48	221
223	48	49	49	50
224	48	51	49	52
225	48	52	49	53
226	49	50	50	51
227	49	51	50	52
228	49	52	50	53
229	49	53	50	54
230	49	82	50	83
231	49	85	50	86
232	49	86	50	87
233	49	89	50	90
234	50	51	51	52
235	50	54	51	55
236	50	82	51	83
237	50	219	51	220
238	51	52	52	53
239	51	53	52	54
240	51	54	52	55
241	51	55	52	56
242	52	53	53	54
243	52	55	53	56
244	53	54	54	55
245	53	55	54	56
246	53	56	54	57
247	53	57	54	58
248	53	78	54	79
249	53	81	54	82
250	53	82	54	83
251	54	55	55	56
252	54	56	55	57
253	54	57	55	58
254	54	58	55	59
255	54	79	55	80
256	54	211	55	212
257	54	212	55	213
258	54	215	55	216
259	55	56	56	57
260	55	57	56	58
261	55	58	56	59
262	55	59	56	60
263	56	57	57	58
264	56	61	57	62
265	56	62	57	63
266	57	58	58	59
267	57	59	58	60
268	57	60	58	61
269	57	62	58	63
270	57	76	58	77
271	57	78	58	79
272	57	79	58	80
273	58	59	59	60
274	59	60	60	61
275	60	61	61	62
276	60	62	61	63
277	60	63	61	64
278	61	62	62	63
279	61	63	62	64
280	61	77	62	78
281	62	63	63	64
282	62	76	63	77
283	62	77	63	78
284	62	78	63	79
285	63	64	64	65
286	63	74	64	75
287	63	75	64	76
288	63	76	64	77
289	63	77	64	78
290	64	65	65	66
291	64	66	65	67
292	64	75	65	76
293	64	77	65	78
294	65	66	66	67
295	65	72	66	73
296	65	73	66	74
297	66	67	67	68
298	66	68	67	69
299	66	72	67	73
300	66	75	67	76
301	66	124	67	125
302	67	68	68	69
303	67	71	68	72
304	67	72	68	73
305	68	69	69	70
306	68	73	69	74
307	68	133	69	134
308	68	137	69	138
309	69	70	70	71
310	69	71	70	72
311	70	71	71	72
312	71	72	72	73
313	72	73	73	74
314	72	74	73	75
315	73	74	74	75
316	73	75	74	76
317	73	137	74	138
318	73	196	74	197
319	73	197	74	198
320	74	75	75	76
321	75	76	76	77
322	75	77	76	78
323	75	123	76	124
324	75	124	76	125
325	75	137	76	138
326	75	197	76	198
327	76	77	77	78
328	76	79	77	80
329	76	204	77	205
330	77	78	78	79
331	77	79	78	80
332	77	80	78	81
333	77	81	78	82
334	78	79	79	80
335	78	80	79	81
336	78	81	79	82
337	79	80	80	81
338	79	82	80	83
339	79	83	80	84
340	79	208	80	209
341	79	211	80	212
342	79	215	80	216
343	80	81	81	82
344	80	82	81	83
345	80	83	81	84
346	80	84	81	85
347	80	116	81	117
348	80	119	81	120
349	80	120	81	121
350	80	123	81	124
351	80	192	81	193
352	81	82	82	83
353	81	85	82	86
354	82	83	83	84
355	82	84	83	85
356	82	86	83	87
357	82	219	83	220
358	83	84	84	85
359	83	85	84	86
360	83	86	84	87
361	83	87	84	88
362	83	116	84	117
363	83	188	84	189
364	83	211	84	212
365	83	215	84	216
366	83	219	84	220
367	84	85	85	86
368	84	88	85	89
369	84	113	85	114
370	84	116	85	117
371	85	86	86	87
372	85	88	86	89
373	86	87	87	88
374	86	88	87	89
375	86	89	87	90
376	86	90	87	91
377	86	219	87	220
378	87	88	88	89
379	87	89	88	90
380	87	90	88	91
381	87	112	88	113
382	87	116	88	117
383	87	185	88	186
384	88	89	89	90
385	88	90	89	91
386	88	91	89	92
387	88	92	89	93
388	88	109	89	110
389	88	112	89	113
390	88	113	89	114
391	89	90	90	91
392	89	91	90	92
393	89	92	90	93
394	90	91	91	92
395	90	92	91	93
396	90	93	91	94
397	90	185	91	186
398	90	219	91	220
399	90	222	91	223
400	91	92	92	93
401	91	93	92	94
402	91	94	92	95
403	91	108	92	109
404	91	109	92	110
405	91	112	92	113
406	91	151	92	152
407	91	185	92	186
408	92	93	93	94
409	92	94	93	95
410	92	95	93	96
411	92	96	93	97
412	93	94	94	95
413	93	95	94	96
414	93	96	94	97
415	93	222	94	223
416	93	226	94	227
417	94	95	95	96
418	94	97	95	98
419	94	155	95	156
420	94	174	95	175
421	94	177	95	178
422	94	178	95	179
423	94	181	95	182
424	94	222	95	223
425	95	96	96	97
426	95	97	96	98
427	95	100	96	101
428	95	105	96	106
429	96	97	97	98
430	96	98	97	99
431	96	99	97	100
432	97	98	98	99
433	97	170	98	171
434	97	174	98	175
435	97	226	98	227
436	97	232	98	233
437	97	233	98	234
438	97	236	98	237
439	98	99	99	100
440	98	159	99	160
441	98	162	99	163
442	98	166	99	167
443	98	174	99	175
444	98	236	99	237
445	99	100	100	101
446	99	162	100	163
447	99	236	100	237
448	100	101	101	102
449	100	104	101	105
450	100	105	101	106
451	100	159	101	160
452	100	162	101	163
453	101	102	102	103
454	101	103	102	104
455	101	104	102	105
456	101	162	102	163
457	102	103	103	104
458	102	104	103	105
459	102	105	103	106
460	102	106	103	107
461	103	104	104	105
462	103	106	104	107
463	103	107	104	108
464	104	105	105	106
465	104	107	105	108
466	104	108	105	109
467	104	158	105	159
468	104	159	105	160
469	105	106	106	107
470	105	107	106	108
471	105	108	106	109
472	105	109	106	110
473	106	107	107	108
474	106	108	107	109
475	106	109	107	110
476	106	110	107	111
477	107	108	108	109
478	107	110	108	111
479	107	111	108	112
480	108	109	109	110
481	108	110	109	111
482	108	112	109	113
483	108	151	109	152
484	108	154	109	155
485	108	155	109	156
486	109	110	110	111
487	109	111	110	112
488	109	112	110	113
489	109	113	110	114
490	110	111	111	112
491	110	112	111	113
492	110	113	111	114
493	110	114	111	115
494	111	112	112	113
495	111	114	112	115
496	111	115	112	116
497	111	147	112	148
498	111	150	112	151
499	111	151	112	152
500	111	154	112	155
501	112	113	113	114
502	112	114	113	115
503	112	115	113	116
504	112	116	113	117
505	112	151	113	152
506	112	185	113	186
507	113	114	114	115
508	113	115	114	116
509	114	115	115	116
510	114	118	115	119
511	114	147	115	148
512	115	116	116	117
513	115	118	116	119
514	115	144	116	145
515	115	147	116	148
516	115	148	116	149
517	115	185	116	186
518	116	117	117	118
519	116	119	117	120
520	117	118	118	119
521	117	119	118	120
522	117	120	118	121
523	117	121	118	122
524	118	119	119	120
525	118	120	119	121
526	118	121	119	122
527	118	140	119	141
528	118	143	119	144
529	118	144	119	145
530	118	147	119	148
531	119	120	120	121
532	119	121	120	122
533	119	122	120	123
534	119	123	120	124
535	119	144	120	145
536	120	121	121	122
537	120	122	121	123
538	120	123	121	124
539	120	124	121	125
540	121	122	122	123
541	121	123	122	124
542	121	125	122	126
543	121	140	122	141
544	122	123	123	124
545	122	125	123	126
546	122	137	123	138
547	122	140	123	141
548	122	141	123	142
549	122	192	123	193
550	123	124	124	125
551	123	137	124	138
552	123	192	124	193
553	123	197	124	198
554	124	125	125	126
555	124	137	125	138
556	125	126	126	127
557	125	136	126	137
558	125	137	126	138
559	125	140	126	141
560	126	127	127	128
561	126	128	127	129
562	126	133	127	134
563	126	136	127	137
564	127	128	128	129
565	127	132	128	133
566	127	133	128	134
567	127	136	128	137
568	128	129	129	130
569	129	130	130	131
570	130	131	131	132
571	131	132	132	133
572	131	135	132	136
573	132	133	133	134
574	132	134	133	135
575	132	135	133	136
576	132	136	133	137
577	133	134	134	135
578	133	136	134	137
579	133	137	134	138
580	134	135	135	136
581	134	136	135	137
582	134	137	135	138
583	134	138	135	139
584	135	136	136	137
585	135	138	136	139
586	135	139	136	140
587	136	137	137	138
588	136	138	137	139
589	136	139	137	140
590	136	140	137	141
591	137	138	138	139
592	137	141	138	142
593	137	192	138	193
594	137	197	138	198
595	138	139	139	140
596	138	140	139	141
597	138	141	139	142
598	138	193	139	194
599	139	140	140	141
600	139	141	140	142
601	139	142	140	143
602	139	143	140	144
603	140	141	141	142
604	140	142	141	143
605	140	143	141	144
606	140	144	141	145
607	141	142	142	143
608	141	144	142	145
609	141	145	142	146
610	141	189	142	190
611	141	192	142	193
612	141	193	142	194
613	142	143	143	144
614	142	144	143	145
615	142	145	143	146
616	143	144	144	145
617	143	145	144	146
618	143	146	144	147
619	143	147	144	148
620	144	145	145	146
621	144	146	145	147
622	144	147	145	148
623	145	146	146	147
624	145	147	146	148
625	145	148	146	149
626	145	149	146	150
627	145	189	146	190
628	146	147	147	148
629	146	148	147	149
630	146	149	147	150
631	146	150	147	151
632	147	148	148	149
633	147	149	148	150
634	147	151	148	152
635	148	149	149	150
636	148	151	149	152
637	148	152	149	153
638	148	185	149	186
639	148	186	149	187
640	148	189	149	190
641	149	150	150	151
642	149	151	150	152
643	149	152	150	153
644	149	153	150	154
645	149	186	150	187
646	150	151	151	152
647	150	152	151	153
648	150	153	151	154
649	150	154	151	155
650	151	152	152	153
651	151	153	152	154
652	151	154	152	155
653	152	153	153	154
654	152	155	153	156
655	152	156	153	157
656	152	181	153	182
657	152	182	153	183
658	152	186	153	187
659	153	154	154	155
660	153	155	154	156
661	153	157	154	158
662	154	155	155	156
663	154	156	155	157
664	154	158	155	159
665	155	156	156	157
666	155	159	156	160
667	155	178	156	179
668	155	181	156	182
669	156	157	157	158
670	156	160	157	161
671	156	178	157	179
672	156	179	157	180
673	156	182	157	183
674	157	158	158	159
675	157	159	158	160
676	157	160	158	161
677	158	159	159	160
678	159	160	160	161
679	159	162	160	163
680	159	163	160	164
681	160	161	161	162
682	160	162	161	163
683	160	163	161	164
684	161	162	162	163
685	161	165	162	166
686	162	163	163	164
687	162	165	163	166
688	162	166	163	167
689	163	164	164	165
690	163	165	164	166
691	163	166	164	167
692	163	171	164	172
693	163	174	164	175
694	163	175	164	176
695	164	165	165	166
696	164	166	165	167
697	164	171	165	172
698	165	166	166	167
699	166	167	167	168
700	166	170	167	171
701	166	171	167	172
702	166	236	167	237
703	167	168	168	169
704	167	169	168	170
705	167	170	168	171
706	167	171	168	172
707	167	235	168	236
708	168	169	169	170
709	168	171	169	172
710	168	172	169	173
711	169	170	170	171
712	169	231	170	232
713	169	232	170	233
714	170	171	171	172
715	170	172	171	173
716	170	174	171	175
717	170	232	171	233
718	170	235	171	236
719	171	172	172	173
720	171	174	172	175
721	171	175	172	176
722	172	173	173	174
723	172	174	173	175
724	172	175	173	176
725	172	176	173	177
726	173	174	174	175
727	173	175	174	176
728	173	176	174	177
729	173	177	174	178
730	173	225	174	226
731	173	232	174	233
732	174	175	175	176
733	174	176	175	177
734	174	178	175	179
735	175	176	176	177
736	175	178	176	179
737	175	179	176	180
738	176	177	177	178
739	176	178	177	179
740	176	180	177	181
741	177	178	178	179
742	177	179	178	180
743	177	180	178	181
744	177	181	178	182
745	177	222	178	223
746	177	225	178	226
747	177	226	178	227
748	178	179	179	180
749	178	181	179	182
750	178	182	179	183
751	179	180	180	181
752	179	181	180	182
753	179	182	180	183
754	179	183	180	184
755	180	181	181	182
756	180	184	181	185
757	180	217	181	218
758	180	222	181	223
759	180	225	181	226
760	181	182	182	183
761	181	183	182	184
762	181	184	182	185
763	181	185	182	186
764	181	222	182	223
765	182	183	183	184
766	182	186	183	187
767	183	184	184	185
768	183	186	184	187
769	184	185	185	186
770	184	186	185	187
771	184	187	185	188
772	184	188	185	189
773	184	214	185	215
774	184	218	185	219
775	185	186	186	187
776	185	187	186	188
777	185	188	186	189
778	185	189	186	190
779	185	218	186	219
780	186	187	187	188
781	186	189	187	190
782	187	188	188	189
783	187	189	188	190
784	187	191	188	192
785	187	214	188	215
786	188	189	189	190
787	188	190	189	191
788	188	191	189	192
789	188	192	189	193
790	188	211	189	212
791	188	214	189	215
792	188	215	189	216
793	188	218	189	219
794	189	190	190	191
795	189	192	190	193
796	189	193	190	194
797	190	191	191	192
798	190	192	191	193
799	190	193	191	194
800	191	192	192	193
801	191	193	192	194
802	191	194	192	195
803	191	202	192	203
804	191	206	192	207
805	191	207	192	208
806	191	210	192	211
807	191	211	192	212
808	192	193	193	194
809	192	195	193	196
810	192	197	193	198
811	192	198	193	199
812	192	211	193	212
813	193	194	194	195
814	193	198	194	199
815	193	199	194	200
816	194	195	195	196
817	194	199	195	200
818	194	201	195	202
819	194	202	195	203
820	195	196	196	197
821	195	197	196	198
822	195	200	196	201
823	195	202	196	203
824	195	207	196	208
825	196	197	197	198
826	196	198	197	199
827	196	200	197	201
828	196	203	197	204
829	196	204	197	205
830	196	207	197	208
831	197	198	198	199
832	197	207	198	208
833	197	211	198	212
834	198	199	199	200
835	199	200	200	201
836	199	201	200	202
837	200	201	201	202
838	201	202	202	203
839	202	203	203	204
840	202	206	203	207
841	202	207	203	208
842	203	204	204	205
843	203	205	204	206
844	203	207	204	208
845	204	205	205	206
846	204	207	205	208
847	204	208	205	209
848	205	206	206	207
849	205	207	206	208
850	206	207	207	208
851	206	208	207	209
852	206	209	207	210
853	207	208	208	209
854	207	209	208	210
855	207	210	208	211
856	207	211	208	212
857	208	209	209	210
858	208	210	209	211
859	209	210	210	211
860	209	212	210	213
861	209	213	210	214
862	210	211	211	212
863	210	212	211	213
864	210	213	211	214
865	210	214	211	215
866	211	212	212	213
867	211	213	212	214
868	211	214	212	215
869	211	215	212	216
870	212	213	213	214
871	212	215	213	216
872	212	216	213	217
873	213	214	214	215
874	213	216	214	217
875	213	217	214	218
876	214	215	215	216
877	214	216	215	217
878	214	217	215	218
879	214	218	215	219
880	215	216	216	217
881	215	217	216	218
882	215	218	216	219
883	215	219	216	220
884	216	217	217	218
885	216	220	217	221
886	217	218	218	219
887	217	219	218	220
888	217	221	218	222
889	218	219	219	220
890	218	222	219	223
891	219	220	220	221
892	219	222	220	223
893	219	223	220	224
894	220	221	221	222
895	220	222	221	223
896	220	223	221	224
897	220	224	221	225
898	221	222	222	223
899	221	223	222	224
900	221	224	222	225
901	222	223	223	224
902	222	226	223	227
903	223	224	224	225
904	223	225	224	226
905	223	226	224	227
906	223	227	224	228
907	224	225	225	226
908	224	228	225	229
909	225	226	226	227
910	226	227	227	228
911	227	228	228	229
912	227	233	228	234
913	228	229	229	230
914	229	230	230	231
915	229	231	230	232
916	229	232	230	233
917	229	233	230	234
918	230	231	231	232
919	230	233	231	234
920	230	234	231	235
921	231	232	232	233
922	231	234	232	235
923	232	233	233	234
924	233	234	234	235
925	234	235	235	236
926	234	236	235	237
927	235	236	236	237
