# chimera	E	m
11111111	0	0
11111112	0	15
11111113	0	10
11111121	4	15
11111122	4	30
11111123	4	25
11111131	5	9
11111132	5	24
11111133	5	19
11111211	36	12
11111212	36	27
11111213	36	22
11111221	38	27
11111222	38	42
11111223	38	37
11111231	41	21
11111232	41	36
11111233	41	31
11111311	9	7
11111312	9	22
11111313	9	17
11111321	13	22
11111322	13	37
11111323	13	32
11111331	10	16
11111332	10	31
11111333	10	26
11112111	41	95
11112112	41	85
11112113	41	98
11112121	45	85
11112122	45	70
11112123	45	83
11112131	46	99
11112132	46	84
11112133	46	97
11112211	51	88
11112212	51	73
11112213	51	86
11112221	53	73
11112222	53	58
11112223	53	71
11112231	56	87
11112232	56	72
11112233	56	85
11112311	52	102
11112312	52	88
11112313	52	101
11112321	56	88
11112322	56	73
11112323	56	86
11112331	53	102
11112332	53	87
11112333	53	100
11113111	21	70
11113112	21	73
11113113	21	60
11113121	25	75
11113122	25	78
11113123	25	65
11113131	26	61
11113132	26	64
11113133	26	51
11113211	57	78
11113212	57	81
11113213	57	68
11113221	59	83
11113222	59	86
11113223	59	73
11113231	62	69
11113232	62	72
11113233	62	59
11113311	24	63
11113312	24	66
11113313	24	53
11113321	28	68
11113322	28	71
11113323	28	58
11113331	25	54
11113332	25	57
11113333	25	44
11121111	23	15
11121112	23	30
11121113	23	25
11121121	27	30
11121122	27	45
11121123	27	40
11121131	28	24
11121132	28	39
11121133	28	34
11121211	57	27
11121212	57	42
11121213	57	37
11121221	59	42
11121222	59	57
11121223	59	52
11121231	62	36
11121232	62	51
11121233	62	46
11121311	32	22
11121312	32	37
11121313	32	32
11121321	36	37
11121322	36	52
11121323	36	47
11121331	33	31
11121332	33	46
11121333	33	41
11122111	39	85
11122112	39	70
11122113	39	83
11122121	43	70
11122122	43	55
11122123	43	68
11122131	44	84
11122132	44	69
11122133	44	82
11122211	47	73
11122212	47	58
11122213	47	71
11122221	49	58
11122222	49	43
11122223	49	56
11122231	52	72
11122232	52	57
11122233	52	70
11122311	50	88
11122312	50	73
11122313	50	86
11122321	54	73
11122322	54	58
11122323	54	71
11122331	51	87
11122332	51	72
11122333	51	85
11123111	38	70
11123112	38	73
11123113	38	60
11123121	42	75
11123122	42	78
11123123	42	65
11123131	43	61
11123132	43	64
11123133	43	51
11123211	72	78
11123212	72	81
11123213	72	68
11123221	74	83
11123222	74	86
11123223	74	73
11123231	77	69
11123232	77	72
11123233	77	59
11123311	41	63
11123312	41	66
11123313	41	53
11123321	45	68
11123322	45	71
11123323	45	58
11123331	42	54
11123332	42	57
11123333	42	44
11131111	20	15
11131112	20	30
11131113	20	25
11131121	24	30
11131122	24	45
11131123	24	40
11131131	25	24
11131132	25	39
11131133	25	34
11131211	56	27
11131212	56	42
11131213	56	37
11131221	58	42
11131222	58	57
11131223	58	52
11131231	61	36
11131232	61	51
11131233	61	46
11131311	29	22
11131312	29	37
11131313	29	32
11131321	33	37
11131322	33	52
11131323	33	47
11131331	30	31
11131332	30	46
11131333	30	41
11132111	55	100
11132112	55	85
11132113	55	98
11132121	59	85
11132122	59	70
11132123	59	83
11132131	60	99
11132132	60	84
11132133	60	97
11132211	65	88
11132212	65	73
11132213	65	86
11132221	67	73
11132222	67	58
11132223	67	71
11132231	70	87
11132232	70	72
11132233	70	85
11132311	66	103
11132312	66	88
11132313	66	101
11132321	70	88
11132322	70	73
11132323	70	86
11132331	67	102
11132332	67	87
11132333	67	100
11133111	19	55
11133112	19	58
11133113	19	45
11133121	23	60
11133122	23	63
11133123	23	50
11133131	24	46
11133132	24	49
11133133	24	36
11133211	55	63
11133212	55	66
11133213	55	53
11133221	57	68
11133222	57	71
11133223	57	58
11133231	60	54
11133232	60	57
11133233	60	44
11133311	22	48
11133312	22	51
11133313	22	38
11133321	26	53
11133322	26	56
11133323	26	43
11133331	23	39
11133332	23	42
11133333	23	29
11211111	34	15
11211112	34	30
11211113	34	25
11211121	32	30
11211122	32	45
11211123	32	40
11211131	36	24
11211132	36	39
11211133	36	34
11211211	50	27
11211212	50	42
11211213	50	37
11211221	46	42
11211222	46	57
11211223	46	52
11211231	52	36
11211232	52	51
11211233	52	46
11211311	44	22
11211312	44	37
11211313	44	32
11211321	42	37
11211322	42	52
11211323	42	47
11211331	42	31
11211332	42	46
11211333	42	41
11212111	61	85
11212112	61	70
11212113	61	83
11212121	59	70
11212122	59	55
11212123	59	68
11212131	63	84
11212132	63	69
11212133	63	82
11212211	51	73
11212212	51	58
11212213	51	71
11212221	47	58
11212222	47	43
11212223	47	56
11212231	53	72
11212232	53	57
11212233	53	70
11212311	73	88
11212312	73	73
11212313	73	86
11212321	71	73
11212322	71	58
11212323	71	71
11212331	71	87
11212332	71	72
11212333	71	85
11213111	54	80
11213112	54	83
11213113	54	70
11213121	52	85
11213122	52	88
11213123	52	75
11213131	56	71
11213132	56	74
11213133	56	61
11213211	70	88
11213212	70	91
11213213	70	78
11213221	66	93
11213222	66	96
11213223	66	83
11213231	72	79
11213232	72	82
11213233	72	69
11213311	58	73
11213312	58	76
11213313	58	63
11213321	56	78
11213322	56	81
11213323	56	68
11213331	56	64
11213332	56	67
11213333	56	54
11221111	50	30
11221112	50	45
11221113	50	40
11221121	48	45
11221122	48	60
11221123	48	55
11221131	52	39
11221132	52	54
11221133	52	49
11221211	64	42
11221212	64	57
11221213	64	52
11221221	60	57
11221222	60	72
11221223	60	67
11221231	66	51
11221232	66	66
11221233	66	61
11221311	60	37
11221312	60	52
11221313	60	47
11221321	58	52
11221322	58	67
11221323	58	62
11221331	58	46
11221332	58	61
11221333	58	56
11222111	52	70
11222112	52	55
11222113	52	68
11222121	50	55
11222122	50	40
11222123	50	53
11222131	54	69
11222132	54	54
11222133	54	67
11222211	40	58
11222212	40	43
11222213	40	56
11222221	36	43
11222222	36	28
11222223	36	41
11222231	42	57
11222232	42	42
11222233	42	55
11222311	64	73
11222312	64	58
11222313	64	71
11222321	62	58
11222322	62	43
11222323	62	56
11222331	62	72
11222332	62	57
11222333	62	70
11223111	64	80
11223112	64	83
11223113	64	70
11223121	62	85
11223122	62	88
11223123	62	75
11223131	66	71
11223132	66	74
11223133	66	61
11223211	78	88
11223212	78	91
11223213	78	78
11223221	74	93
11223222	74	96
11223223	74	83
11223231	80	79
11223232	80	82
11223233	80	69
11223311	68	73
11223312	68	76
11223313	68	63
11223321	66	78
11223322	66	81
11223323	66	68
11223331	66	64
11223332	66	67
11223333	66	54
11231111	52	30
11231112	52	45
11231113	52	40
11231121	50	45
11231122	50	60
11231123	50	55
11231131	54	39
11231132	54	54
11231133	54	49
11231211	68	42
11231212	68	57
11231213	68	52
11231221	64	57
11231222	64	72
11231223	64	67
11231231	70	51
11231232	70	66
11231233	70	61
11231311	62	37
11231312	62	52
11231313	62	47
11231321	60	52
11231322	60	67
11231323	60	62
11231331	60	46
11231332	60	61
11231333	60	56
11232111	73	85
11232112	73	70
11232113	73	83
11232121	71	70
11232122	71	55
11232123	71	68
11232131	75	84
11232132	75	69
11232133	75	82
11232211	63	73
11232212	63	58
11232213	63	71
11232221	59	58
11232222	59	43
11232223	59	56
11232231	65	72
11232232	65	57
11232233	65	70
11232311	85	88
11232312	85	73
11232313	85	86
11232321	83	73
11232322	83	58
11232323	83	71
11232331	83	87
11232332	83	72
11232333	83	85
11233111	50	65
11233112	50	68
11233113	50	55
11233121	48	70
11233122	48	73
11233123	48	60
11233131	52	56
11233132	52	59
11233133	52	46
11233211	66	73
11233212	66	76
11233213	66	63
11233221	62	78
11233222	62	81
11233223	62	68
11233231	68	64
11233232	68	67
11233233	68	54
11233311	54	58
11233312	54	61
11233313	54	48
11233321	52	63
11233322	52	66
11233323	52	53
11233331	52	49
11233332	52	52
11233333	52	39
11311111	9	5
11311112	9	20
11311113	9	15
11311121	10	20
11311122	10	35
11311123	10	30
11311131	8	14
11311132	8	29
11311133	8	24
11311211	45	17
11311212	45	32
11311213	45	27
11311221	44	32
11311222	44	47
11311223	44	42
11311231	44	26
11311232	44	41
11311233	44	36
11311311	14	12
11311312	14	27
11311313	14	22
11311321	15	27
11311322	15	42
11311323	15	37
11311331	9	21
11311332	9	36
11311333	9	31
11312111	48	100
11312112	48	85
11312113	48	98
11312121	49	85
11312122	49	70
11312123	49	83
11312131	47	99
11312132	47	84
11312133	47	97
11312211	58	88
11312212	58	73
11312213	58	86
11312221	57	73
11312222	57	58
11312223	57	71
11312231	57	87
11312232	57	72
11312233	57	85
11312311	55	103
11312312	55	88
11312313	55	101
11312321	56	88
11312322	56	73
11312323	56	86
11312331	50	102
11312332	50	87
11312333	50	100
11313111	26	65
11313112	26	68
11313113	26	55
11313121	27	70
11313122	27	73
11313123	27	60
11313131	25	56
11313132	25	59
11313133	25	46
11313211	62	73
11313212	62	76
11313213	62	63
11313221	61	78
11313222	61	81
11313223	61	68
11313231	61	64
11313232	61	67
11313233	61	54
11313311	25	58
11313312	25	61
11313313	25	48
11313321	26	63
11313322	26	66
11313323	26	53
11313331	20	49
11313332	20	52
11313333	20	39
11321111	30	20
11321112	30	35
11321113	30	30
11321121	31	35
11321122	31	50
11321123	31	45
11321131	29	29
11321132	29	44
11321133	29	39
11321211	64	32
11321212	64	47
11321213	64	42
11321221	63	47
11321222	63	62
11321223	63	57
11321231	63	41
11321232	63	56
11321233	63	51
11321311	35	27
11321312	35	42
11321313	35	37
11321321	36	42
11321322	36	57
11321323	36	52
11321331	30	36
11321332	30	51
11321333	30	46
11322111	44	85
11322112	44	70
11322113	44	83
11322121	45	70
11322122	45	55
11322123	45	68
11322131	43	84
11322132	43	69
11322133	43	82
11322211	52	73
11322212	52	58
11322213	52	71
11322221	51	58
11322222	51	43
11322223	51	56
11322231	51	72
11322232	51	57
11322233	51	70
11322311	51	88
11322312	51	73
11322313	51	86
11322321	52	73
11322322	52	58
11322323	52	71
11322331	46	87
11322332	46	72
11322333	46	85
11323111	41	65
11323112	41	68
11323113	41	55
11323121	42	70
11323122	42	73
11323123	42	60
11323131	40	56
11323132	40	59
11323133	40	46
11323211	75	73
11323212	75	76
11323213	75	63
11323221	74	78
11323222	74	81
11323223	74	68
11323231	74	64
11323232	74	67
11323233	74	54
11323311	40	58
11323312	40	61
11323313	40	48
11323321	41	63
11323322	41	66
11323323	41	53
11323331	35	49
11323332	35	52
11323333	35	39
11331111	25	20
11331112	25	35
11331113	25	30
11331121	26	35
11331122	26	50
11331123	26	45
11331131	24	29
11331132	24	44
11331133	24	39
11331211	61	32
11331212	61	47
11331213	61	42
11331221	60	47
11331222	60	62
11331223	60	57
11331231	60	41
11331232	60	56
11331233	60	51
11331311	30	27
11331312	30	42
11331313	30	37
11331321	31	42
11331322	31	57
11331323	31	52
11331331	25	36
11331332	25	51
11331333	25	46
11332111	58	100
11332112	58	85
11332113	58	98
11332121	59	85
11332122	59	70
11332123	59	83
11332131	57	99
11332132	57	84
11332133	57	97
11332211	68	88
11332212	68	73
11332213	68	86
11332221	67	73
11332222	67	58
11332223	67	71
11332231	67	87
11332232	67	72
11332233	67	85
11332311	65	103
11332312	65	88
11332313	65	101
11332321	66	88
11332322	66	73
11332323	66	86
11332331	60	102
11332332	60	87
11332333	60	100
11333111	20	50
11333112	20	53
11333113	20	40
11333121	21	55
11333122	21	58
11333123	21	45
11333131	19	41
11333132	19	44
11333133	19	31
11333211	56	58
11333212	56	61
11333213	56	48
11333221	55	63
11333222	55	66
11333223	55	53
11333231	55	49
11333232	55	52
11333233	55	39
11333311	19	43
11333312	19	46
11333313	19	33
11333321	20	48
11333322	20	51
11333323	20	38
11333331	14	34
11333332	14	37
11333333	14	24
12111111	27	14
12111112	27	29
12111113	27	24
12111121	31	29
12111122	31	44
12111123	31	39
12111131	32	23
12111132	32	38
12111133	32	33
12111211	41	26
12111212	41	41
12111213	41	36
12111221	43	41
12111222	43	56
12111223	43	51
12111231	46	35
12111232	46	50
12111233	46	45
12111311	33	21
12111312	33	36
12111313	33	31
12111321	37	36
12111322	37	51
12111323	37	46
12111331	34	30
12111332	34	45
12111333	34	40
12112111	68	86
12112112	68	71
12112113	68	84
12112121	72	71
12112122	72	56
12112123	72	69
12112131	73	85
12112132	73	70
12112133	73	83
12112211	56	74
12112212	56	59
12112213	56	72
12112221	58	59
12112222	58	44
12112223	58	57
12112231	61	73
12112232	61	58
12112233	61	71
12112311	76	89
12112312	76	74
12112313	76	87
12112321	80	74
12112322	80	59
12112323	80	72
12112331	77	88
12112332	77	73
12112333	77	86
12113111	48	72
12113112	48	75
12113113	48	62
12113121	52	77
12113122	52	80
12113123	52	67
12113131	53	63
12113132	53	66
12113133	53	53
12113211	62	80
12113212	62	83
12113213	62	70
12113221	64	85
12113222	64	88
12113223	64	75
12113231	67	71
12113232	67	74
12113233	67	61
12113311	48	65
12113312	48	68
12113313	48	55
12113321	52	70
12113322	52	73
12113323	52	60
12113331	49	56
12113332	49	59
12113333	49	46
12121111	44	29
12121112	44	44
12121113	44	39
12121121	48	44
12121122	48	59
12121123	48	54
12121131	49	38
12121132	49	53
12121133	49	48
12121211	56	41
12121212	56	56
12121213	56	51
12121221	58	56
12121222	58	71
12121223	58	66
12121231	61	50
12121232	61	65
12121233	61	60
12121311	50	36
12121312	50	51
12121313	50	46
12121321	54	51
12121322	54	66
12121323	54	61
12121331	51	45
12121332	51	60
12121333	51	55
12122111	60	71
12122112	60	56
12122113	60	69
12122121	64	56
12122122	64	41
12122123	64	54
12122131	65	70
12122132	65	55
12122133	65	68
12122211	46	59
12122212	46	44
12122213	46	57
12122221	48	44
12122222	48	29
12122223	48	42
12122231	51	58
12122232	51	43
12122233	51	56
12122311	68	74
12122312	68	59
12122313	68	72
12122321	72	59
12122322	72	44
12122323	72	57
12122331	69	73
12122332	69	58
12122333	69	71
12123111	59	72
12123112	59	75
12123113	59	62
12123121	63	77
12123122	63	80
12123123	63	67
12123131	64	63
12123132	64	66
12123133	64	53
12123211	71	80
12123212	71	83
12123213	71	70
12123221	73	85
12123222	73	88
12123223	73	75
12123231	76	71
12123232	76	74
12123233	76	61
12123311	59	65
12123312	59	68
12123313	59	55
12123321	63	70
12123322	63	73
12123323	63	60
12123331	60	56
12123332	60	59
12123333	60	46
12131111	43	29
12131112	43	44
12131113	43	39
12131121	47	44
12131122	47	59
12131123	47	54
12131131	48	38
12131132	48	53
12131133	48	48
12131211	57	41
12131212	57	56
12131213	57	51
12131221	59	56
12131222	59	71
12131223	59	66
12131231	62	50
12131232	62	65
12131233	62	60
12131311	49	36
12131312	49	51
12131313	49	46
12131321	53	51
12131322	53	66
12131323	53	61
12131331	50	45
12131332	50	60
12131333	50	55
12132111	78	86
12132112	78	71
12132113	78	84
12132121	82	71
12132122	82	56
12132123	82	69
12132131	83	85
12132132	83	70
12132133	83	83
12132211	66	74
12132212	66	59
12132213	66	72
12132221	68	59
12132222	68	44
12132223	68	57
12132231	71	73
12132232	71	58
12132233	71	71
12132311	86	89
12132312	86	74
12132313	86	87
12132321	90	74
12132322	90	59
12132323	90	72
12132331	87	88
12132332	87	73
12132333	87	86
12133111	42	57
12133112	42	60
12133113	42	47
12133121	46	62
12133122	46	65
12133123	46	52
12133131	47	48
12133132	47	51
12133133	47	38
12133211	56	65
12133212	56	68
12133213	56	55
12133221	58	70
12133222	58	73
12133223	58	60
12133231	61	56
12133232	61	59
12133233	61	46
12133311	42	50
12133312	42	53
12133313	42	40
12133321	46	55
12133322	46	58
12133323	46	45
12133331	43	41
12133332	43	44
12133333	43	31
12211111	42	29
12211112	42	44
12211113	42	39
12211121	40	44
12211122	40	59
12211123	40	54
12211131	44	38
12211132	44	53
12211133	44	48
12211211	36	41
12211212	36	56
12211213	36	51
12211221	32	56
12211222	32	71
12211223	32	66
12211231	38	50
12211232	38	65
12211233	38	60
12211311	49	36
12211312	49	51
12211313	49	46
12211321	47	51
12211322	47	66
12211323	47	61
12211331	47	45
12211332	47	60
12211333	47	55
12212111	69	71
12212112	69	56
12212113	69	69
12212121	67	56
12212122	67	41
12212123	67	54
12212131	71	70
12212132	71	55
12212133	71	68
12212211	37	59
12212212	37	44
12212213	37	57
12212221	33	44
12212222	33	29
12212223	33	42
12212231	39	58
12212232	39	43
12212233	39	56
12212311	78	74
12212312	78	59
12212313	78	72
12212321	76	59
12212322	76	44
12212323	76	57
12212331	76	73
12212332	76	58
12212333	76	71
12213111	62	82
12213112	62	85
12213113	62	72
12213121	60	87
12213122	60	90
12213123	60	77
12213131	64	73
12213132	64	76
12213133	64	63
12213211	56	90
12213212	56	93
12213213	56	80
12213221	52	95
12213222	52	98
12213223	52	85
12213231	58	81
12213232	58	84
12213233	58	71
12213311	63	75
12213312	63	78
12213313	63	65
12213321	61	80
12213322	61	83
12213323	61	70
12213331	61	66
12213332	61	69
12213333	61	56
12221111	52	44
12221112	52	59
12221113	52	54
12221121	50	59
12221122	50	74
12221123	50	69
12221131	54	53
12221132	54	68
12221133	54	63
12221211	44	56
12221212	44	71
12221213	44	66
12221221	40	71
12221222	40	86
12221223	40	81
12221231	46	65
12221232	46	80
12221233	46	75
12221311	59	51
12221312	59	66
12221313	59	61
12221321	57	66
12221322	57	81
12221323	57	76
12221331	57	60
12221332	57	75
12221333	57	70
12222111	54	56
12222112	54	41
12222113	54	54
12222121	52	41
12222122	52	26
12222123	52	39
12222131	56	55
12222132	56	40
12222133	56	53
12222211	20	44
12222212	20	29
12222213	20	42
12222221	16	29
12222222	16	14
12222223	16	27
12222231	22	43
12222232	22	28
12222233	22	41
12222311	63	59
12222312	63	44
12222313	63	57
12222321	61	44
12222322	61	29
12222323	61	42
12222331	61	58
12222332	61	43
12222333	61	56
12223111	66	82
12223112	66	85
12223113	66	72
12223121	64	87
12223122	64	90
12223123	64	77
12223131	68	73
12223132	68	76
12223133	68	63
12223211	58	90
12223212	58	93
12223213	58	80
12223221	54	95
12223222	54	98
12223223	54	85
12223231	60	81
12223232	60	84
12223233	60	71
12223311	67	75
12223312	67	78
12223313	67	65
12223321	65	80
12223322	65	83
12223323	65	70
12223331	65	66
12223332	65	69
12223333	65	56
12231111	56	44
12231112	56	59
12231113	56	54
12231121	54	59
12231122	54	74
12231123	54	69
12231131	58	53
12231132	58	68
12231133	58	63
12231211	50	56
12231212	50	71
12231213	50	66
12231221	46	71
12231222	46	86
12231223	46	81
12231231	52	65
12231232	52	80
12231233	52	75
12231311	63	51
12231312	63	66
12231313	63	61
12231321	61	66
12231322	61	81
12231323	61	76
12231331	61	60
12231332	61	75
12231333	61	70
12232111	77	71
12232112	77	56
12232113	77	69
12232121	75	56
12232122	75	41
12232123	75	54
12232131	79	70
12232132	79	55
12232133	79	68
12232211	45	59
12232212	45	44
12232213	45	57
12232221	41	44
12232222	41	29
12232223	41	42
12232231	47	58
12232232	47	43
12232233	47	56
12232311	86	74
12232312	86	59
12232313	86	72
12232321	84	59
12232322	84	44
12232323	84	57
12232331	84	73
12232332	84	58
12232333	84	71
12233111	54	67
12233112	54	70
12233113	54	57
12233121	52	72
12233122	52	75
12233123	52	62
12233131	56	58
12233132	56	61
12233133	56	48
12233211	48	75
12233212	48	78
12233213	48	65
12233221	44	80
12233222	44	83
12233223	44	70
12233231	50	66
12233232	50	69
12233233	50	56
12233311	55	60
12233312	55	63
12233313	55	50
12233321	53	65
12233322	53	68
12233323	53	55
12233331	53	51
12233332	53	54
12233333	53	41
12311111	36	19
12311112	36	34
12311113	36	29
12311121	37	34
12311122	37	49
12311123	37	44
12311131	35	28
12311132	35	43
12311133	35	38
12311211	50	31
12311212	50	46
12311213	50	41
12311221	49	46
12311222	49	61
12311223	49	56
12311231	49	40
12311232	49	55
12311233	49	50
12311311	38	26
12311312	38	41
12311313	38	36
12311321	39	41
12311322	39	56
12311323	39	51
12311331	33	35
12311332	33	50
12311333	33	45
12312111	75	86
12312112	75	71
12312113	75	84
12312121	76	71
12312122	76	56
12312123	76	69
12312131	74	85
12312132	74	70
12312133	74	83
12312211	63	74
12312212	63	59
12312213	63	72
12312221	62	59
12312222	62	44
12312223	62	57
12312231	62	73
12312232	62	58
12312233	62	71
12312311	79	89
12312312	79	74
12312313	79	87
12312321	80	74
12312322	80	59
12312323	80	72
12312331	74	88
12312332	74	73
12312333	74	86
12313111	53	67
12313112	53	70
12313113	53	57
12313121	54	72
12313122	54	75
12313123	54	62
12313131	52	58
12313132	52	61
12313133	52	48
12313211	67	75
12313212	67	78
12313213	67	65
12313221	66	80
12313222	66	83
12313223	66	70
12313231	66	66
12313232	66	69
12313233	66	56
12313311	49	60
12313312	49	63
12313313	49	50
12313321	50	65
12313322	50	68
12313323	50	55
12313331	44	51
12313332	44	54
12313333	44	41
12321111	51	34
12321112	51	49
12321113	51	44
12321121	52	49
12321122	52	64
12321123	52	59
12321131	50	43
12321132	50	58
12321133	50	53
12321211	63	46
12321212	63	61
12321213	63	56
12321221	62	61
12321222	62	76
12321223	62	71
12321231	62	55
12321232	62	70
12321233	62	65
12321311	53	41
12321312	53	56
12321313	53	51
12321321	54	56
12321322	54	71
12321323	54	66
12321331	48	50
12321332	48	65
12321333	48	60
12322111	65	71
12322112	65	56
12322113	65	69
12322121	66	56
12322122	66	41
12322123	66	54
12322131	64	70
12322132	64	55
12322133	64	68
12322211	51	59
12322212	51	44
12322213	51	57
12322221	50	44
12322222	50	29
12322223	50	42
12322231	50	58
12322232	50	43
12322233	50	56
12322311	69	74
12322312	69	59
12322313	69	72
12322321	70	59
12322322	70	44
12322323	70	57
12322331	64	73
12322332	64	58
12322333	64	71
12323111	62	67
12323112	62	70
12323113	62	57
12323121	63	72
12323122	63	75
12323123	63	62
12323131	61	58
12323132	61	61
12323133	61	48
12323211	74	75
12323212	74	78
12323213	74	65
12323221	73	80
12323222	73	83
12323223	73	70
12323231	73	66
12323232	73	69
12323233	73	56
12323311	58	60
12323312	58	63
12323313	58	50
12323321	59	65
12323322	59	68
12323323	59	55
12323331	53	51
12323332	53	54
12323333	53	41
12331111	48	34
12331112	48	49
12331113	48	44
12331121	49	49
12331122	49	64
12331123	49	59
12331131	47	43
12331132	47	58
12331133	47	53
12331211	62	46
12331212	62	61
12331213	62	56
12331221	61	61
12331222	61	76
12331223	61	71
12331231	61	55
12331232	61	70
12331233	61	65
12331311	50	41
12331312	50	56
12331313	50	51
12331321	51	56
12331322	51	71
12331323	51	66
12331331	45	50
12331332	45	65
12331333	45	60
12332111	81	86
12332112	81	71
12332113	81	84
12332121	82	71
12332122	82	56
12332123	82	69
12332131	80	85
12332132	80	70
12332133	80	83
12332211	69	74
12332212	69	59
12332213	69	72
12332221	68	59
12332222	68	44
12332223	68	57
12332231	68	73
12332232	68	58
12332233	68	71
12332311	85	89
12332312	85	74
12332313	85	87
12332321	86	74
12332322	86	59
12332323	86	72
12332331	80	88
12332332	80	73
12332333	80	86
12333111	43	52
12333112	43	55
12333113	43	42
12333121	44	57
12333122	44	60
12333123	44	47
12333131	42	43
12333132	42	46
12333133	42	33
12333211	57	60
12333212	57	63
12333213	57	50
12333221	56	65
12333222	56	68
12333223	56	55
12333231	56	51
12333232	56	54
12333233	56	41
12333311	39	45
12333312	39	48
12333313	39	35
12333321	40	50
12333322	40	53
12333323	40	40
12333331	34	36
12333332	34	39
12333333	34	26
13111111	10	9
13111112	10	24
13111113	10	19
13111121	14	24
13111122	14	39
13111123	14	34
13111131	15	18
13111132	15	33
13111133	15	28
13111211	43	21
13111212	43	36
13111213	43	31
13111221	45	36
13111222	45	51
13111223	45	46
13111231	48	30
13111232	48	45
13111233	48	40
13111311	15	16
13111312	15	31
13111313	15	26
13111321	19	31
13111322	19	46
13111323	19	41
13111331	16	25
13111332	16	40
13111333	16	35
13112111	51	97
13112112	51	82
13112113	51	95
13112121	55	82
13112122	55	67
13112123	55	80
13112131	56	96
13112132	56	81
13112133	56	94
13112211	58	85
13112212	58	70
13112213	58	83
13112221	60	70
13112222	60	55
13112223	60	68
13112231	63	84
13112232	63	69
13112233	63	82
13112311	58	100
13112312	58	85
13112313	58	98
13112321	62	85
13112322	62	70
13112323	62	83
13112331	59	99
13112332	59	84
13112333	59	97
13113111	31	61
13113112	31	64
13113113	31	51
13113121	35	66
13113122	35	69
13113123	35	56
13113131	36	52
13113132	36	55
13113133	36	42
13113211	64	69
13113212	64	72
13113213	64	59
13113221	66	74
13113222	66	77
13113223	66	64
13113231	69	60
13113232	69	63
13113233	69	50
13113311	30	54
13113312	30	57
13113313	30	44
13113321	34	59
13113322	34	62
13113323	34	49
13113331	31	45
13113332	31	48
13113333	31	35
13121111	29	24
13121112	29	39
13121113	29	34
13121121	33	39
13121122	33	54
13121123	33	49
13121131	34	33
13121132	34	48
13121133	34	43
13121211	60	36
13121212	60	51
13121213	60	46
13121221	62	51
13121222	62	66
13121223	62	61
13121231	65	45
13121232	65	60
13121233	65	55
13121311	34	31
13121312	34	46
13121313	34	41
13121321	38	46
13121322	38	61
13121323	38	56
13121331	35	40
13121332	35	55
13121333	35	50
13122111	45	82
13122112	45	67
13122113	45	80
13122121	49	67
13122122	49	52
13122123	49	65
13122131	50	81
13122132	50	66
13122133	50	79
13122211	50	70
13122212	50	55
13122213	50	68
13122221	52	55
13122222	52	40
13122223	52	53
13122231	55	69
13122232	55	54
13122233	55	67
13122311	52	85
13122312	52	70
13122313	52	83
13122321	56	70
13122322	56	55
13122323	56	68
13122331	53	84
13122332	53	69
13122333	53	82
13123111	44	61
13123112	44	64
13123113	44	51
13123121	48	66
13123122	48	69
13123123	48	56
13123131	49	52
13123132	49	55
13123133	49	42
13123211	75	69
13123212	75	72
13123213	75	59
13123221	77	74
13123222	77	77
13123223	77	64
13123231	80	60
13123232	80	63
13123233	80	50
13123311	43	54
13123312	43	57
13123313	43	44
13123321	47	59
13123322	47	62
13123323	47	49
13123331	44	45
13123332	44	48
13123333	44	35
13131111	24	24
13131112	24	39
13131113	24	34
13131121	28	39
13131122	28	54
13131123	28	49
13131131	29	33
13131132	29	48
13131133	29	43
13131211	57	36
13131212	57	51
13131213	57	46
13131221	59	51
13131222	59	66
13131223	59	61
13131231	62	45
13131232	62	60
13131233	62	55
13131311	29	31
13131312	29	46
13131313	29	41
13131321	33	46
13131322	33	61
13131323	33	56
13131331	30	40
13131332	30	55
13131333	30	50
13132111	59	97
13132112	59	82
13132113	59	95
13132121	63	82
13132122	63	67
13132123	63	80
13132131	64	96
13132132	64	81
13132133	64	94
13132211	66	85
13132212	66	70
13132213	66	83
13132221	68	70
13132222	68	55
13132223	68	68
13132231	71	84
13132232	71	69
13132233	71	82
13132311	66	100
13132312	66	85
13132313	66	98
13132321	70	85
13132322	70	70
13132323	70	83
13132331	67	99
13132332	67	84
13132333	67	97
13133111	23	46
13133112	23	49
13133113	23	36
13133121	27	51
13133122	27	54
13133123	27	41
13133131	28	37
13133132	28	40
13133133	28	27
13133211	56	54
13133212	56	57
13133213	56	44
13133221	58	59
13133222	58	62
13133223	58	49
13133231	61	45
13133232	61	48
13133233	61	35
13133311	22	39
13133312	22	42
13133313	22	29
13133321	26	44
13133322	26	47
13133323	26	34
13133331	23	30
13133332	23	33
13133333	23	20
13211111	43	24
13211112	43	39
13211113	43	34
13211121	41	39
13211122	41	54
13211123	41	49
13211131	45	33
13211132	45	48
13211133	45	43
13211211	56	36
13211212	56	51
13211213	56	46
13211221	52	51
13211222	52	66
13211223	52	61
13211231	58	45
13211232	58	60
13211233	58	55
13211311	49	31
13211312	49	46
13211313	49	41
13211321	47	46
13211322	47	61
13211323	47	56
13211331	47	40
13211332	47	55
13211333	47	50
13212111	70	82
13212112	70	67
13212113	70	80
13212121	68	67
13212122	68	52
13212123	68	65
13212131	72	81
13212132	72	66
13212133	72	79
13212211	57	70
13212212	57	55
13212213	57	68
13212221	53	55
13212222	53	40
13212223	53	53
13212231	59	69
13212232	59	54
13212233	59	67
13212311	78	85
13212312	78	70
13212313	78	83
13212321	76	70
13212322	76	55
13212323	76	68
13212331	76	84
13212332	76	69
13212333	76	82
13213111	63	71
13213112	63	74
13213113	63	61
13213121	61	76
13213122	61	79
13213123	61	66
13213131	65	62
13213132	65	65
13213133	65	52
13213211	76	79
13213212	76	82
13213213	76	69
13213221	72	84
13213222	72	87
13213223	72	74
13213231	78	70
13213232	78	73
13213233	78	60
13213311	63	64
13213312	63	67
13213313	63	54
13213321	61	69
13213322	61	72
13213323	61	59
13213331	61	55
13213332	61	58
13213333	61	45
13221111	55	39
13221112	55	54
13221113	55	49
13221121	53	54
13221122	53	69
13221123	53	64
13221131	57	48
13221132	57	63
13221133	57	58
13221211	66	51
13221212	66	66
13221213	66	61
13221221	62	66
13221222	62	81
13221223	62	76
13221231	68	60
13221232	68	75
13221233	68	70
13221311	61	46
13221312	61	61
13221313	61	56
13221321	59	61
13221322	59	76
13221323	59	71
13221331	59	55
13221332	59	70
13221333	59	65
13222111	57	67
13222112	57	52
13222113	57	65
13222121	55	52
13222122	55	37
13222123	55	50
13222131	59	66
13222132	59	51
13222133	59	64
13222211	42	55
13222212	42	40
13222213	42	53
13222221	38	40
13222222	38	25
13222223	38	38
13222231	44	54
13222232	44	39
13222233	44	52
13222311	65	70
13222312	65	55
13222313	65	68
13222321	63	55
13222322	63	40
13222323	63	53
13222331	63	69
13222332	63	54
13222333	63	67
13223111	69	71
13223112	69	74
13223113	69	61
13223121	67	76
13223122	67	79
13223123	67	66
13223131	71	62
13223132	71	65
13223133	71	52
13223211	80	79
13223212	80	82
13223213	80	69
13223221	76	84
13223222	76	87
13223223	76	74
13223231	82	70
13223232	82	73
13223233	82	60
13223311	69	64
13223312	69	67
13223313	69	54
13223321	67	69
13223322	67	72
13223323	67	59
13223331	67	55
13223332	67	58
13223333	67	45
13231111	55	39
13231112	55	54
13231113	55	49
13231121	53	54
13231122	53	69
13231123	53	64
13231131	57	48
13231132	57	63
13231133	57	58
13231211	68	51
13231212	68	66
13231213	68	61
13231221	64	66
13231222	64	81
13231223	64	76
13231231	70	60
13231232	70	75
13231233	70	70
13231311	61	46
13231312	61	61
13231313	61	56
13231321	59	61
13231322	59	76
13231323	59	71
13231331	59	55
13231332	59	70
13231333	59	65
13232111	76	82
13232112	76	67
13232113	76	80
13232121	74	67
13232122	74	52
13232123	74	65
13232131	78	81
13232132	78	66
13232133	78	79
13232211	63	70
13232212	63	55
13232213	63	68
13232221	59	55
13232222	59	40
13232223	59	53
13232231	65	69
13232232	65	54
13232233	65	67
13232311	84	85
13232312	84	70
13232313	84	83
13232321	82	70
13232322	82	55
13232323	82	68
13232331	82	84
13232332	82	69
13232333	82	82
13233111	53	56
13233112	53	59
13233113	53	46
13233121	51	61
13233122	51	64
13233123	51	51
13233131	55	47
13233132	55	50
13233133	55	37
13233211	66	64
13233212	66	67
13233213	66	54
13233221	62	69
13233222	62	72
13233223	62	59
13233231	68	55
13233232	68	58
13233233	68	45
13233311	53	49
13233312	53	52
13233313	53	39
13233321	51	54
13233322	51	57
13233323	51	44
13233331	51	40
13233332	51	43
13233333	51	30
13311111	19	14
13311112	19	29
13311113	19	24
13311121	20	29
13311122	20	44
13311123	20	39
13311131	18	23
13311132	18	38
13311133	18	33
13311211	52	26
13311212	52	41
13311213	52	36
13311221	51	41
13311222	51	56
13311223	51	51
13311231	51	35
13311232	51	50
13311233	51	45
13311311	20	21
13311312	20	36
13311313	20	31
13311321	21	36
13311322	21	51
13311323	21	46
13311331	15	30
13311332	15	45
13311333	15	40
13312111	58	97
13312112	58	82
13312113	58	95
13312121	59	82
13312122	59	67
13312123	59	80
13312131	57	96
13312132	57	81
13312133	57	94
13312211	65	85
13312212	65	70
13312213	65	83
13312221	64	70
13312222	64	55
13312223	64	68
13312231	64	84
13312232	64	69
13312233	64	82
13312311	61	100
13312312	61	85
13312313	61	98
13312321	62	85
13312322	62	70
13312323	62	83
13312331	56	99
13312332	56	84
13312333	56	97
13313111	36	56
13313112	36	59
13313113	36	46
13313121	37	61
13313122	37	64
13313123	37	51
13313131	35	47
13313132	35	50
13313133	35	37
13313211	69	64
13313212	69	67
13313213	69	54
13313221	68	69
13313222	68	72
13313223	68	59
13313231	68	55
13313232	68	58
13313233	68	45
13313311	31	49
13313312	31	52
13313313	31	39
13313321	32	54
13313322	32	57
13313323	32	44
13313331	26	40
13313332	26	43
13313333	26	30
13321111	36	29
13321112	36	44
13321113	36	39
13321121	37	44
13321122	37	59
13321123	37	54
13321131	35	38
13321132	35	53
13321133	35	48
13321211	67	41
13321212	67	56
13321213	67	51
13321221	66	56
13321222	66	71
13321223	66	66
13321231	66	50
13321232	66	65
13321233	66	60
13321311	37	36
13321312	37	51
13321313	37	46
13321321	38	51
13321322	38	66
13321323	38	61
13321331	32	45
13321332	32	60
13321333	32	55
13322111	50	82
13322112	50	67
13322113	50	80
13322121	51	67
13322122	51	52
13322123	51	65
13322131	49	81
13322132	49	66
13322133	49	79
13322211	55	70
13322212	55	55
13322213	55	68
13322221	54	55
13322222	54	40
13322223	54	53
13322231	54	69
13322232	54	54
13322233	54	67
13322311	53	85
13322312	53	70
13322313	53	83
13322321	54	70
13322322	54	55
13322323	54	68
13322331	48	84
13322332	48	69
13322333	48	82
13323111	47	56
13323112	47	59
13323113	47	46
13323121	48	61
13323122	48	64
13323123	48	51
13323131	46	47
13323132	46	50
13323133	46	37
13323211	78	64
13323212	78	67
13323213	78	54
13323221	77	69
13323222	77	72
13323223	77	59
13323231	77	55
13323232	77	58
13323233	77	45
13323311	42	49
13323312	42	52
13323313	42	39
13323321	43	54
13323322	43	57
13323323	43	44
13323331	37	40
13323332	37	43
13323333	37	30
13331111	29	29
13331112	29	44
13331113	29	39
13331121	30	44
13331122	30	59
13331123	30	54
13331131	28	38
13331132	28	53
13331133	28	48
13331211	62	41
13331212	62	56
13331213	62	51
13331221	61	56
13331222	61	71
13331223	61	66
13331231	61	50
13331232	61	65
13331233	61	60
13331311	30	36
13331312	30	51
13331313	30	46
13331321	31	51
13331322	31	66
13331323	31	61
13331331	25	45
13331332	25	60
13331333	25	55
13332111	62	97
13332112	62	82
13332113	62	95
13332121	63	82
13332122	63	67
13332123	63	80
13332131	61	96
13332132	61	81
13332133	61	94
13332211	69	85
13332212	69	70
13332213	69	83
13332221	68	70
13332222	68	55
13332223	68	68
13332231	68	84
13332232	68	69
13332233	68	82
13332311	65	100
13332312	65	85
13332313	65	98
13332321	66	85
13332322	66	70
13332323	66	83
13332331	60	99
13332332	60	84
13332333	60	97
13333111	24	41
13333112	24	44
13333113	24	31
13333121	25	46
13333122	25	49
13333123	25	36
13333131	23	32
13333132	23	35
13333133	23	22
13333211	57	49
13333212	57	52
13333213	57	39
13333221	56	54
13333222	56	57
13333223	56	44
13333231	56	40
13333232	56	43
13333233	56	30
13333311	19	34
13333312	19	37
13333313	19	24
13333321	20	39
13333322	20	42
13333323	20	29
13333331	14	25
13333332	14	28
13333333	14	15
21111111	11	14
21111112	11	29
21111113	11	24
21111121	15	29
21111122	15	44
21111123	15	39
21111131	16	23
21111132	16	38
21111133	16	33
21111211	47	26
21111212	47	41
21111213	47	36
21111221	49	41
21111222	49	56
21111223	49	51
21111231	52	35
21111232	52	50
21111233	52	45
21111311	20	21
21111312	20	36
21111313	20	31
21111321	24	36
21111322	24	51
21111323	24	46
21111331	21	30
21111332	21	45
21111333	21	40
21112111	39	86
21112112	39	71
21112113	39	84
21112121	43	71
21112122	43	56
21112123	43	69
21112131	44	85
21112132	44	70
21112133	44	83
21112211	49	74
21112212	49	59
21112213	49	72
21112221	51	59
21112222	51	44
21112223	51	57
21112231	54	73
21112232	54	58
21112233	54	71
21112311	50	89
21112312	50	74
21112313	50	87
21112321	54	74
21112322	54	59
21112323	54	72
21112331	51	88
21112332	51	73
21112333	51	86
21113111	22	57
21113112	22	60
21113113	22	47
21113121	26	62
21113122	26	65
21113123	26	52
21113131	27	48
21113132	27	51
21113133	27	38
21113211	58	65
21113212	58	68
21113213	58	55
21113221	60	70
21113222	60	73
21113223	60	60
21113231	63	56
21113232	63	59
21113233	63	46
21113311	25	50
21113312	25	53
21113313	25	40
21113321	29	55
21113322	29	58
21113323	29	45
21113331	26	41
21113332	26	44
21113333	26	31
21121111	28	29
21121112	28	44
21121113	28	39
21121121	32	44
21121122	32	59
21121123	32	54
21121131	33	38
21121132	33	53
21121133	33	48
21121211	62	41
21121212	62	56
21121213	62	51
21121221	64	56
21121222	64	71
21121223	64	66
21121231	67	50
21121232	67	65
21121233	67	60
21121311	37	36
21121312	37	51
21121313	37	46
21121321	41	51
21121322	41	66
21121323	41	61
21121331	38	45
21121332	38	60
21121333	38	55
21122111	31	71
21122112	31	56
21122113	31	69
21122121	35	56
21122122	35	41
21122123	35	54
21122131	36	70
21122132	36	55
21122133	36	68
21122211	39	59
21122212	39	44
21122213	39	57
21122221	41	44
21122222	41	29
21122223	41	42
21122231	44	58
21122232	44	43
21122233	44	56
21122311	42	74
21122312	42	59
21122313	42	72
21122321	46	59
21122322	46	44
21122323	46	57
21122331	43	73
21122332	43	58
21122333	43	71
21123111	33	57
21123112	33	60
21123113	33	47
21123121	37	62
21123122	37	65
21123123	37	52
21123131	38	48
21123132	38	51
21123133	38	38
21123211	67	65
21123212	67	68
21123213	67	55
21123221	69	70
21123222	69	73
21123223	69	60
21123231	72	56
21123232	72	59
21123233	72	46
21123311	36	50
21123312	36	53
21123313	36	40
21123321	40	55
21123322	40	58
21123323	40	45
21123331	37	41
21123332	37	44
21123333	37	31
21131111	27	29
21131112	27	44
21131113	27	39
21131121	31	44
21131122	31	59
21131123	31	54
21131131	32	38
21131132	32	53
21131133	32	48
21131211	63	41
21131212	63	56
21131213	63	51
21131221	65	56
21131222	65	71
21131223	65	66
21131231	68	50
21131232	68	65
21131233	68	60
21131311	36	36
21131312	36	51
21131313	36	46
21131321	40	51
21131322	40	66
21131323	40	61
21131331	37	45
21131332	37	60
21131333	37	55
21132111	49	86
21132112	49	71
21132113	49	84
21132121	53	71
21132122	53	56
21132123	53	69
21132131	54	85
21132132	54	70
21132133	54	83
21132211	59	74
21132212	59	59
21132213	59	72
21132221	61	59
21132222	61	44
21132223	61	57
21132231	64	73
21132232	64	58
21132233	64	71
21132311	60	89
21132312	60	74
21132313	60	87
21132321	64	74
21132322	64	59
21132323	64	72
21132331	61	88
21132332	61	73
21132333	61	86
21133111	16	42
21133112	16	45
21133113	16	32
21133121	20	47
21133122	20	50
21133123	20	37
21133131	21	33
21133132	21	36
21133133	21	23
21133211	52	50
21133212	52	53
21133213	52	40
21133221	54	55
21133222	54	58
21133223	54	45
21133231	57	41
21133232	57	44
21133233	57	31
21133311	19	35
21133312	19	38
21133313	19	25
21133321	23	40
21133322	23	43
21133323	23	30
21133331	20	26
21133332	20	29
21133333	20	16
21211111	45	29
21211112	45	44
21211113	45	39
21211121	43	44
21211122	43	59
21211123	43	54
21211131	47	38
21211132	47	53
21211133	47	48
21211211	61	41
21211212	61	56
21211213	61	51
21211221	57	56
21211222	57	71
21211223	57	66
21211231	63	50
21211232	63	65
21211233	63	60
21211311	55	36
21211312	55	51
21211313	55	46
21211321	53	51
21211322	53	66
21211323	53	61
21211331	53	45
21211332	53	60
21211333	53	55
21212111	59	71
21212112	59	56
21212113	59	69
21212121	57	56
21212122	57	41
21212123	57	54
21212131	61	70
21212132	61	55
21212133	61	68
21212211	49	59
21212212	49	44
21212213	49	57
21212221	45	44
21212222	45	29
21212223	45	42
21212231	51	58
21212232	51	43
21212233	51	56
21212311	71	74
21212312	71	59
21212313	71	72
21212321	69	59
21212322	69	44
21212323	69	57
21212331	69	73
21212332	69	58
21212333	69	71
21213111	55	67
21213112	55	70
21213113	55	57
21213121	53	72
21213122	53	75
21213123	53	62
21213131	57	58
21213132	57	61
21213133	57	48
21213211	71	75
21213212	71	78
21213213	71	65
21213221	67	80
21213222	67	83
21213223	67	70
21213231	73	66
21213232	73	69
21213233	73	56
21213311	59	60
21213312	59	63
21213313	59	50
21213321	57	65
21213322	57	68
21213323	57	55
21213331	57	51
21213332	57	54
21213333	57	41
21221111	55	44
21221112	55	59
21221113	55	54
21221121	53	59
21221122	53	74
21221123	53	69
21221131	57	53
21221132	57	68
21221133	57	63
21221211	69	56
21221212	69	71
21221213	69	66
21221221	65	71
21221222	65	86
21221223	65	81
21221231	71	65
21221232	71	80
21221233	71	75
21221311	65	51
21221312	65	66
21221313	65	61
21221321	63	66
21221322	63	81
21221323	63	76
21221331	63	60
21221332	63	75
21221333	63	70
21222111	44	56
21222112	44	41
21222113	44	54
21222121	42	41
21222122	42	26
21222123	42	39
21222131	46	55
21222132	46	40
21222133	46	53
21222211	32	44
21222212	32	29
21222213	32	42
21222221	28	29
21222222	28	14
21222223	28	27
21222231	34	43
21222232	34	28
21222233	34	41
21222311	56	59
21222312	56	44
21222313	56	57
21222321	54	44
21222322	54	29
21222323	54	42
21222331	54	58
21222332	54	43
21222333	54	56
21223111	59	67
21223112	59	70
21223113	59	57
21223121	57	72
21223122	57	75
21223123	57	62
21223131	61	58
21223132	61	61
21223133	61	48
21223211	73	75
21223212	73	78
21223213	73	65
21223221	69	80
21223222	69	83
21223223	69	70
21223231	75	66
21223232	75	69
21223233	75	56
21223311	63	60
21223312	63	63
21223313	63	50
21223321	61	65
21223322	61	68
21223323	61	55
21223331	61	51
21223332	61	54
21223333	61	41
21231111	59	44
21231112	59	59
21231113	59	54
21231121	57	59
21231122	57	74
21231123	57	69
21231131	61	53
21231132	61	68
21231133	61	63
21231211	75	56
21231212	75	71
21231213	75	66
21231221	71	71
21231222	71	86
21231223	71	81
21231231	77	65
21231232	77	80
21231233	77	75
21231311	69	51
21231312	69	66
21231313	69	61
21231321	67	66
21231322	67	81
21231323	67	76
21231331	67	60
21231332	67	75
21231333	67	70
21232111	67	71
21232112	67	56
21232113	67	69
21232121	65	56
21232122	65	41
21232123	65	54
21232131	69	70
21232132	69	55
21232133	69	68
21232211	57	59
21232212	57	44
21232213	57	57
21232221	53	44
21232222	53	29
21232223	53	42
21232231	59	58
21232232	59	43
21232233	59	56
21232311	79	74
21232312	79	59
21232313	79	72
21232321	77	59
21232322	77	44
21232323	77	57
21232331	77	73
21232332	77	58
21232333	77	71
21233111	47	52
21233112	47	55
21233113	47	42
21233121	45	57
21233122	45	60
21233123	45	47
21233131	49	43
21233132	49	46
21233133	49	33
21233211	63	60
21233212	63	63
21233213	63	50
21233221	59	65
21233222	59	68
21233223	59	55
21233231	65	51
21233232	65	54
21233233	65	41
21233311	51	45
21233312	51	48
21233313	51	35
21233321	49	50
21233322	49	53
21233323	49	40
21233331	49	36
21233332	49	39
21233333	49	26
21311111	20	19
21311112	20	34
21311113	20	29
21311121	21	34
21311122	21	49
21311123	21	44
21311131	19	28
21311132	19	43
21311133	19	38
21311211	56	31
21311212	56	46
21311213	56	41
21311221	55	46
21311222	55	61
21311223	55	56
21311231	55	40
21311232	55	55
21311233	55	50
21311311	25	26
21311312	25	41
21311313	25	36
21311321	26	41
21311322	26	56
21311323	26	51
21311331	20	35
21311332	20	50
21311333	20	45
21312111	46	86
21312112	46	71
21312113	46	84
21312121	47	71
21312122	47	56
21312123	47	69
21312131	45	85
21312132	45	70
21312133	45	83
21312211	56	74
21312212	56	59
21312213	56	72
21312221	55	59
21312222	55	44
21312223	55	57
21312231	55	73
21312232	55	58
21312233	55	71
21312311	53	89
21312312	53	74
21312313	53	87
21312321	54	74
21312322	54	59
21312323	54	72
21312331	48	88
21312332	48	73
21312333	48	86
21313111	27	52
21313112	27	55
21313113	27	42
21313121	28	57
21313122	28	60
21313123	28	47
21313131	26	43
21313132	26	46
21313133	26	33
21313211	63	60
21313212	63	63
21313213	63	50
21313221	62	65
21313222	62	68
21313223	62	55
21313231	62	51
21313232	62	54
21313233	62	41
21313311	26	45
21313312	26	48
21313313	26	35
21313321	27	50
21313322	27	53
21313323	27	40
21313331	21	36
21313332	21	39
21313333	21	26
21321111	35	34
21321112	35	49
21321113	35	44
21321121	36	49
21321122	36	64
21321123	36	59
21321131	34	43
21321132	34	58
21321133	34	53
21321211	69	46
21321212	69	61
21321213	69	56
21321221	68	61
21321222	68	76
21321223	68	71
21321231	68	55
21321232	68	70
21321233	68	65
21321311	40	41
21321312	40	56
21321313	40	51
21321321	41	56
21321322	41	71
21321323	41	66
21321331	35	50
21321332	35	65
21321333	35	60
21322111	36	71
21322112	36	56
21322113	36	69
21322121	37	56
21322122	37	41
21322123	37	54
21322131	35	70
21322132	35	55
21322133	35	68
21322211	44	59
21322212	44	44
21322213	44	57
21322221	43	44
21322222	43	29
21322223	43	42
21322231	43	58
21322232	43	43
21322233	43	56
21322311	43	74
21322312	43	59
21322313	43	72
21322321	44	59
21322322	44	44
21322323	44	57
21322331	38	73
21322332	38	58
21322333	38	71
21323111	36	52
21323112	36	55
21323113	36	42
21323121	37	57
21323122	37	60
21323123	37	47
21323131	35	43
21323132	35	46
21323133	35	33
21323211	70	60
21323212	70	63
21323213	70	50
21323221	69	65
21323222	69	68
21323223	69	55
21323231	69	51
21323232	69	54
21323233	69	41
21323311	35	45
21323312	35	48
21323313	35	35
21323321	36	50
21323322	36	53
21323323	36	40
21323331	30	36
21323332	30	39
21323333	30	26
21331111	32	34
21331112	32	49
21331113	32	44
21331121	33	49
21331122	33	64
21331123	33	59
21331131	31	43
21331132	31	58
21331133	31	53
21331211	68	46
21331212	68	61
21331213	68	56
21331221	67	61
21331222	67	76
21331223	67	71
21331231	67	55
21331232	67	70
21331233	67	65
21331311	37	41
21331312	37	56
21331313	37	51
21331321	38	56
21331322	38	71
21331323	38	66
21331331	32	50
21331332	32	65
21331333	32	60
21332111	52	86
21332112	52	71
21332113	52	84
21332121	53	71
21332122	53	56
21332123	53	69
21332131	51	85
21332132	51	70
21332133	51	83
21332211	62	74
21332212	62	59
21332213	62	72
21332221	61	59
21332222	61	44
21332223	61	57
21332231	61	73
21332232	61	58
21332233	61	71
21332311	59	89
21332312	59	74
21332313	59	87
21332321	60	74
21332322	60	59
21332323	60	72
21332331	54	88
21332332	54	73
21332333	54	86
21333111	17	37
21333112	17	40
21333113	17	27
21333121	18	42
21333122	18	45
21333123	18	32
21333131	16	28
21333132	16	31
21333133	16	18
21333211	53	45
21333212	53	48
21333213	53	35
21333221	52	50
21333222	52	53
21333223	52	40
21333231	52	36
21333232	52	39
21333233	52	26
21333311	16	30
21333312	16	33
21333313	16	20
21333321	17	35
21333322	17	38
21333323	17	25
21333331	11	21
21333332	11	24
21333333	11	11
22111111	30	28
22111112	30	43
22111113	30	38
22111121	34	43
22111122	34	58
22111123	34	53
22111131	35	37
22111132	35	52
22111133	35	47
22111211	44	40
22111212	44	55
22111213	44	50
22111221	46	55
22111222	46	70
22111223	46	65
22111231	49	49
22111232	49	64
22111233	49	59
22111311	36	35
22111312	36	50
22111313	36	45
22111321	40	50
22111322	40	65
22111323	40	60
22111331	37	44
22111332	37	59
22111333	37	54
22112111	58	72
22112112	58	57
22112113	58	70
22112121	62	57
22112122	62	42
22112123	62	55
22112131	63	71
22112132	63	56
22112133	63	69
22112211	46	60
22112212	46	45
22112213	46	58
22112221	48	45
22112222	48	30
22112223	48	43
22112231	51	59
22112232	51	44
22112233	51	57
22112311	66	75
22112312	66	60
22112313	66	73
22112321	70	60
22112322	70	45
22112323	70	58
22112331	67	74
22112332	67	59
22112333	67	72
22113111	41	59
22113112	41	62
22113113	41	49
22113121	45	64
22113122	45	67
22113123	45	54
22113131	46	50
22113132	46	53
22113133	46	40
22113211	55	67
22113212	55	70
22113213	55	57
22113221	57	72
22113222	57	75
22113223	57	62
22113231	60	58
22113232	60	61
22113233	60	48
22113311	41	52
22113312	41	55
22113313	41	42
22113321	45	57
22113322	45	60
22113323	45	47
22113331	42	43
22113332	42	46
22113333	42	33
22121111	41	43
22121112	41	58
22121113	41	53
22121121	45	58
22121122	45	73
22121123	45	68
22121131	46	52
22121132	46	67
22121133	46	62
22121211	53	55
22121212	53	70
22121213	53	65
22121221	55	70
22121222	55	85
22121223	55	80
22121231	58	64
22121232	58	79
22121233	58	74
22121311	47	50
22121312	47	65
22121313	47	60
22121321	51	65
22121322	51	80
22121323	51	75
22121331	48	59
22121332	48	74
22121333	48	69
22122111	44	57
22122112	44	42
22122113	44	55
22122121	48	42
22122122	48	27
22122123	48	40
22122131	49	56
22122132	49	41
22122133	49	54
22122211	30	45
22122212	30	30
22122213	30	43
22122221	32	30
22122222	32	15
22122223	32	28
22122231	35	44
22122232	35	29
22122233	35	42
22122311	52	60
22122312	52	45
22122313	52	58
22122321	56	45
22122322	56	30
22122323	56	43
22122331	53	59
22122332	53	44
22122333	53	57
22123111	46	59
22123112	46	62
22123113	46	49
22123121	50	64
22123122	50	67
22123123	50	54
22123131	51	50
22123132	51	53
22123133	51	40
22123211	58	67
22123212	58	70
22123213	58	57
22123221	60	72
22123222	60	75
22123223	60	62
22123231	63	58
22123232	63	61
22123233	63	48
22123311	46	52
22123312	46	55
22123313	46	42
22123321	50	57
22123322	50	60
22123323	50	47
22123331	47	43
22123332	47	46
22123333	47	33
22131111	42	43
22131112	42	58
22131113	42	53
22131121	46	58
22131122	46	73
22131123	46	68
22131131	47	52
22131132	47	67
22131133	47	62
22131211	56	55
22131212	56	70
22131213	56	65
22131221	58	70
22131222	58	85
22131223	58	80
22131231	61	64
22131232	61	79
22131233	61	74
22131311	48	50
22131312	48	65
22131313	48	60
22131321	52	65
22131322	52	80
22131323	52	75
22131331	49	59
22131332	49	74
22131333	49	69
22132111	64	72
22132112	64	57
22132113	64	70
22132121	68	57
22132122	68	42
22132123	68	55
22132131	69	71
22132132	69	56
22132133	69	69
22132211	52	60
22132212	52	45
22132213	52	58
22132221	54	45
22132222	54	30
22132223	54	43
22132231	57	59
22132232	57	44
22132233	57	57
22132311	72	75
22132312	72	60
22132313	72	73
22132321	76	60
22132322	76	45
22132323	76	58
22132331	73	74
22132332	73	59
22132333	73	72
22133111	31	44
22133112	31	47
22133113	31	34
22133121	35	49
22133122	35	52
22133123	35	39
22133131	36	35
22133132	36	38
22133133	36	25
22133211	45	52
22133212	45	55
22133213	45	42
22133221	47	57
22133222	47	60
22133223	47	47
22133231	50	43
22133232	50	46
22133233	50	33
22133311	31	37
22133312	31	40
22133313	31	27
22133321	35	42
22133322	35	45
22133323	35	32
22133331	32	28
22133332	32	31
22133333	32	18
22211111	45	43
22211112	45	58
22211113	45	53
22211121	43	58
22211122	43	73
22211123	43	68
22211131	47	52
22211132	47	67
22211133	47	62
22211211	39	55
22211212	39	70
22211213	39	65
22211221	35	70
22211222	35	85
22211223	35	80
22211231	41	64
22211232	41	79
22211233	41	74
22211311	52	50
22211312	52	65
22211313	52	60
22211321	50	65
22211322	50	80
22211323	50	75
22211331	50	59
22211332	50	74
22211333	50	69
22212111	59	57
22212112	59	42
22212113	59	55
22212121	57	42
22212122	57	27
22212123	57	40
22212131	61	56
22212132	61	41
22212133	61	54
22212211	27	45
22212212	27	30
22212213	27	43
22212221	23	30
22212222	23	15
22212223	23	28
22212231	29	44
22212232	29	29
22212233	29	42
22212311	68	60
22212312	68	45
22212313	68	58
22212321	66	45
22212322	66	30
22212323	66	43
22212331	66	59
22212332	66	44
22212333	66	57
22213111	55	69
22213112	55	72
22213113	55	59
22213121	53	74
22213122	53	77
22213123	53	64
22213131	57	60
22213132	57	63
22213133	57	50
22213211	49	77
22213212	49	80
22213213	49	67
22213221	45	82
22213222	45	85
22213223	45	72
22213231	51	68
22213232	51	71
22213233	51	58
22213311	56	62
22213312	56	65
22213313	56	52
22213321	54	67
22213322	54	70
22213323	54	57
22213331	54	53
22213332	54	56
22213333	54	43
22221111	49	58
22221112	49	73
22221113	49	68
22221121	47	73
22221122	47	88
22221123	47	83
22221131	51	67
22221132	51	82
22221133	51	77
22221211	41	70
22221212	41	85
22221213	41	80
22221221	37	85
22221222	37	95
22221223	37	95
22221231	43	79
22221232	43	94
22221233	43	89
22221311	56	65
22221312	56	80
22221313	56	75
22221321	54	80
22221322	54	95
22221323	54	90
22221331	54	74
22221332	54	89
22221333	54	84
22222111	38	42
22222112	38	27
22222113	38	40
22222121	36	27
22222122	36	12
22222123	36	25
22222131	40	41
22222132	40	26
22222133	40	39
22222211	4	30
22222212	4	15
22222213	4	28
22222221	0	15
22222222	0	0
22222223	0	13
22222231	6	29
22222232	6	14
22222233	6	27
22222311	47	45
22222312	47	30
22222313	47	43
22222321	45	30
22222322	45	15
22222323	45	28
22222331	45	44
22222332	45	29
22222333	45	42
22223111	53	69
22223112	53	72
22223113	53	59
22223121	51	74
22223122	51	77
22223123	51	64
22223131	55	60
22223132	55	63
22223133	55	50
22223211	45	77
22223212	45	80
22223213	45	67
22223221	41	82
22223222	41	85
22223223	41	72
22223231	47	68
22223232	47	71
22223233	47	58
22223311	54	62
22223312	54	65
22223313	54	52
22223321	52	67
22223322	52	70
22223323	52	57
22223331	52	53
22223332	52	56
22223333	52	43
22231111	55	58
22231112	55	73
22231113	55	68
22231121	53	73
22231122	53	88
22231123	53	83
22231131	57	67
22231132	57	82
22231133	57	77
22231211	49	70
22231212	49	85
22231213	49	80
22231221	45	85
22231222	45	100
22231223	45	95
22231231	51	79
22231232	51	94
22231233	51	89
22231311	62	65
22231312	62	80
22231313	62	75
22231321	60	80
22231322	60	95
22231323	60	90
22231331	60	74
22231332	60	89
22231333	60	84
22232111	63	57
22232112	63	42
22232113	63	55
22232121	61	42
22232122	61	27
22232123	61	40
22232131	65	56
22232132	65	41
22232133	65	54
22232211	31	45
22232212	31	30
22232213	31	43
22232221	27	30
22232222	27	15
22232223	27	28
22232231	33	44
22232232	33	29
22232233	33	42
22232311	72	60
22232312	72	45
22232313	72	58
22232321	70	45
22232322	70	30
22232323	70	43
22232331	70	59
22232332	70	44
22232333	70	57
22233111	43	54
22233112	43	57
22233113	43	44
22233121	41	59
22233122	41	62
22233123	41	49
22233131	45	45
22233132	45	48
22233133	45	35
22233211	37	62
22233212	37	65
22233213	37	52
22233221	33	67
22233222	33	70
22233223	33	57
22233231	39	53
22233232	39	56
22233233	39	43
22233311	44	47
22233312	44	50
22233313	44	37
22233321	42	52
22233322	42	55
22233323	42	42
22233331	42	38
22233332	42	41
22233333	42	28
22311111	39	33
22311112	39	48
22311113	39	43
22311121	40	48
22311122	40	63
22311123	40	58
22311131	38	42
22311132	38	57
22311133	38	52
22311211	53	45
22311212	53	60
22311213	53	55
22311221	52	60
22311222	52	75
22311223	52	70
22311231	52	54
22311232	52	69
22311233	52	64
22311311	41	40
22311312	41	55
22311313	41	50
22311321	42	55
22311322	42	70
22311323	42	65
22311331	36	49
22311332	36	64
22311333	36	59
22312111	65	72
22312112	65	57
22312113	65	70
22312121	66	57
22312122	66	42
22312123	66	55
22312131	64	71
22312132	64	56
22312133	64	69
22312211	53	60
22312212	53	45
22312213	53	58
22312221	52	45
22312222	52	30
22312223	52	43
22312231	52	59
22312232	52	44
22312233	52	57
22312311	69	75
22312312	69	60
22312313	69	73
22312321	70	60
22312322	70	45
22312323	70	58
22312331	64	74
22312332	64	59
22312333	64	72
22313111	46	54
22313112	46	57
22313113	46	44
22313121	47	59
22313122	47	62
22313123	47	49
22313131	45	45
22313132	45	48
22313133	45	35
22313211	60	62
22313212	60	65
22313213	60	52
22313221	59	67
22313222	59	70
22313223	59	57
22313231	59	53
22313232	59	56
22313233	59	43
22313311	42	47
22313312	42	50
22313313	42	37
22313321	43	52
22313322	43	55
22313323	43	42
22313331	37	38
22313332	37	41
22313333	37	28
22321111	48	48
22321112	48	63
22321113	48	58
22321121	49	63
22321122	49	78
22321123	49	73
22321131	47	57
22321132	47	72
22321133	47	67
22321211	60	60
22321212	60	75
22321213	60	70
22321221	59	75
22321222	59	90
22321223	59	85
22321231	59	69
22321232	59	84
22321233	59	79
22321311	50	55
22321312	50	70
22321313	50	65
22321321	51	70
22321322	51	85
22321323	51	80
22321331	45	64
22321332	45	79
22321333	45	74
22322111	49	57
22322112	49	42
22322113	49	55
22322121	50	42
22322122	50	27
22322123	50	40
22322131	48	56
22322132	48	41
22322133	48	54
22322211	35	45
22322212	35	30
22322213	35	43
22322221	34	30
22322222	34	15
22322223	34	28
22322231	34	44
22322232	34	29
22322233	34	42
22322311	53	60
22322312	53	45
22322313	53	58
22322321	54	45
22322322	54	30
22322323	54	43
22322331	48	59
22322332	48	44
22322333	48	57
22323111	49	54
22323112	49	57
22323113	49	44
22323121	50	59
22323122	50	62
22323123	50	49
22323131	48	45
22323132	48	48
22323133	48	35
22323211	61	62
22323212	61	65
22323213	61	52
22323221	60	67
22323222	60	70
22323223	60	57
22323231	60	53
22323232	60	56
22323233	60	43
22323311	45	47
22323312	45	50
22323313	45	37
22323321	46	52
22323322	46	55
22323323	46	42
22323331	40	38
22323332	40	41
22323333	40	28
22331111	47	48
22331112	47	63
22331113	47	58
22331121	48	63
22331122	48	78
22331123	48	73
22331131	46	57
22331132	46	72
22331133	46	67
22331211	61	60
22331212	61	75
22331213	61	70
22331221	60	75
22331222	60	90
22331223	60	85
22331231	60	69
22331232	60	84
22331233	60	79
22331311	49	55
22331312	49	70
22331313	49	65
22331321	50	70
22331322	50	85
22331323	50	80
22331331	44	64
22331332	44	79
22331333	44	74
22332111	67	72
22332112	67	57
22332113	67	70
22332121	68	57
22332122	68	42
22332123	68	55
22332131	66	71
22332132	66	56
22332133	66	69
22332211	55	60
22332212	55	45
22332213	55	58
22332221	54	45
22332222	54	30
22332223	54	43
22332231	54	59
22332232	54	44
22332233	54	57
22332311	71	75
22332312	71	60
22332313	71	73
22332321	72	60
22332322	72	45
22332323	72	58
22332331	66	74
22332332	66	59
22332333	66	72
22333111	32	39
22333112	32	42
22333113	32	29
22333121	33	44
22333122	33	47
22333123	33	34
22333131	31	30
22333132	31	33
22333133	31	20
22333211	46	47
22333212	46	50
22333213	46	37
22333221	45	52
22333222	45	55
22333223	45	42
22333231	45	38
22333232	45	41
22333233	45	28
22333311	28	32
22333312	28	35
22333313	28	22
22333321	29	37
22333322	29	40
22333323	29	27
22333331	23	23
22333332	23	26
22333333	23	13
23111111	15	23
23111112	15	38
23111113	15	33
23111121	19	38
23111122	19	53
23111123	19	48
23111131	20	32
23111132	20	47
23111133	20	42
23111211	48	35
23111212	48	50
23111213	48	45
23111221	50	50
23111222	50	65
23111223	50	60
23111231	53	44
23111232	53	59
23111233	53	54
23111311	20	30
23111312	20	45
23111313	20	40
23111321	24	45
23111322	24	60
23111323	24	55
23111331	21	39
23111332	21	54
23111333	21	49
23112111	43	83
23112112	43	68
23112113	43	81
23112121	47	68
23112122	47	53
23112123	47	66
23112131	48	82
23112132	48	67
23112133	48	80
23112211	50	71
23112212	50	56
23112213	50	69
23112221	52	56
23112222	52	41
23112223	52	54
23112231	55	70
23112232	55	55
23112233	55	68
23112311	50	86
23112312	50	71
23112313	50	84
23112321	54	71
23112322	54	56
23112323	54	69
23112331	51	85
23112332	51	70
23112333	51	83
23113111	26	48
23113112	26	51
23113113	26	38
23113121	30	53
23113122	30	56
23113123	30	43
23113131	31	39
23113132	31	42
23113133	31	29
23113211	59	56
23113212	59	59
23113213	59	46
23113221	61	61
23113222	61	64
23113223	61	51
23113231	64	47
23113232	64	50
23113233	64	37
23113311	25	41
23113312	25	44
23113313	25	31
23113321	29	46
23113322	29	49
23113323	29	36
23113331	26	32
23113332	26	35
23113333	26	22
23121111	28	38
23121112	28	53
23121113	28	48
23121121	32	53
23121122	32	68
23121123	32	63
23121131	33	47
23121132	33	62
23121133	33	57
23121211	59	50
23121212	59	65
23121213	59	60
23121221	61	65
23121222	61	80
23121223	61	75
23121231	64	59
23121232	64	74
23121233	64	69
23121311	33	45
23121312	33	60
23121313	33	55
23121321	37	60
23121322	37	75
23121323	37	70
23121331	34	54
23121332	34	69
23121333	34	64
23122111	31	68
23122112	31	53
23122113	31	66
23122121	35	53
23122122	35	38
23122123	35	51
23122131	36	67
23122132	36	52
23122133	36	65
23122211	36	56
23122212	36	41
23122213	36	54
23122221	38	41
23122222	38	26
23122223	38	39
23122231	41	55
23122232	41	40
23122233	41	53
23122311	38	71
23122312	38	56
23122313	38	69
23122321	42	56
23122322	42	41
23122323	42	54
23122331	39	70
23122332	39	55
23122333	39	68
23123111	33	48
23123112	33	51
23123113	33	38
23123121	37	53
23123122	37	56
23123123	37	43
23123131	38	39
23123132	38	42
23123133	38	29
23123211	64	56
23123212	64	59
23123213	64	46
23123221	66	61
23123222	66	64
23123223	66	51
23123231	69	47
23123232	69	50
23123233	69	37
23123311	32	41
23123312	32	44
23123313	32	31
23123321	36	46
23123322	36	49
23123323	36	36
23123331	33	32
23123332	33	35
23123333	33	22
23131111	25	38
23131112	25	53
23131113	25	48
23131121	29	53
23131122	29	68
23131123	29	63
23131131	30	47
23131132	30	62
23131133	30	57
23131211	58	50
23131212	58	65
23131213	58	60
23131221	60	65
23131222	60	80
23131223	60	75
23131231	63	59
23131232	63	74
23131233	63	69
23131311	30	45
23131312	30	60
23131313	30	55
23131321	34	60
23131322	34	75
23131323	34	70
23131331	31	54
23131332	31	69
23131333	31	64
23132111	47	83
23132112	47	68
23132113	47	81
23132121	51	68
23132122	51	53
23132123	51	66
23132131	52	82
23132132	52	67
23132133	52	80
23132211	54	71
23132212	54	56
23132213	54	69
23132221	56	56
23132222	56	41
23132223	56	54
23132231	59	70
23132232	59	55
23132233	59	68
23132311	54	86
23132312	54	71
23132313	54	84
23132321	58	71
23132322	58	56
23132323	58	69
23132331	55	85
23132332	55	70
23132333	55	83
23133111	14	33
23133112	14	36
23133113	14	23
23133121	18	38
23133122	18	41
23133123	18	28
23133131	19	24
23133132	19	27
23133133	19	14
23133211	47	41
23133212	47	44
23133213	47	31
23133221	49	46
23133222	49	49
23133223	49	36
23133231	52	32
23133232	52	35
23133233	52	22
23133311	13	26
23133312	13	29
23133313	13	16
23133321	17	31
23133322	17	34
23133323	17	21
23133331	14	17
23133332	14	20
23133333	14	7
23211111	48	38
23211112	48	53
23211113	48	48
23211121	46	53
23211122	46	68
23211123	46	63
23211131	50	47
23211132	50	62
23211133	50	57
23211211	61	50
23211212	61	65
23211213	61	60
23211221	57	65
23211222	57	80
23211223	57	75
23211231	63	59
23211232	63	74
23211233	63	69
23211311	54	45
23211312	54	60
23211313	54	55
23211321	52	60
23211322	52	75
23211323	52	70
23211331	52	54
23211332	52	69
23211333	52	64
23212111	62	68
23212112	62	53
23212113	62	66
23212121	60	53
23212122	60	38
23212123	60	51
23212131	64	67
23212132	64	52
23212133	64	65
23212211	49	56
23212212	49	41
23212213	49	54
23212221	45	41
23212222	45	26
23212223	45	39
23212231	51	55
23212232	51	40
23212233	51	53
23212311	70	71
23212312	70	56
23212313	70	69
23212321	68	56
23212322	68	41
23212323	68	54
23212331	68	70
23212332	68	55
23212333	68	68
23213111	58	58
23213112	58	61
23213113	58	48
23213121	56	63
23213122	56	66
23213123	56	53
23213131	60	49
23213132	60	52
23213133	60	39
23213211	71	66
23213212	71	69
23213213	71	56
23213221	67	71
23213222	67	74
23213223	67	61
23213231	73	57
23213232	73	60
23213233	73	47
23213311	58	51
23213312	58	54
23213313	58	41
23213321	56	56
23213322	56	59
23213323	56	46
23213331	56	42
23213332	56	45
23213333	56	32
23221111	54	53
23221112	54	68
23221113	54	63
23221121	52	68
23221122	52	83
23221123	52	78
23221131	56	62
23221132	56	77
23221133	56	72
23221211	65	65
23221212	65	80
23221213	65	75
23221221	61	80
23221222	61	95
23221223	61	90
23221231	67	74
23221232	67	89
23221233	67	84
23221311	60	60
23221312	60	75
23221313	60	70
23221321	58	75
23221322	58	90
23221323	58	85
23221331	58	69
23221332	58	84
23221333	58	79
23222111	43	53
23222112	43	38
23222113	43	51
23222121	41	38
23222122	41	23
23222123	41	36
23222131	45	52
23222132	45	37
23222133	45	50
23222211	28	41
23222212	28	26
23222213	28	39
23222221	24	26
23222222	24	11
23222223	24	24
23222231	30	40
23222232	30	25
23222233	30	38
23222311	51	56
23222312	51	41
23222313	51	54
23222321	49	41
23222322	49	26
23222323	49	39
23222331	49	55
23222332	49	40
23222333	49	53
23223111	58	58
23223112	58	61
23223113	58	48
23223121	56	63
23223122	56	66
23223123	56	53
23223131	60	49
23223132	60	52
23223133	60	39
23223211	69	66
23223212	69	69
23223213	69	56
23223221	65	71
23223222	65	74
23223223	65	61
23223231	71	57
23223232	71	60
23223233	71	47
23223311	58	51
23223312	58	54
23223313	58	41
23223321	56	56
23223322	56	59
23223323	56	46
23223331	56	42
23223332	56	45
23223333	56	32
23231111	56	53
23231112	56	68
23231113	56	63
23231121	54	68
23231122	54	83
23231123	54	78
23231131	58	62
23231132	58	77
23231133	58	72
23231211	69	65
23231212	69	80
23231213	69	75
23231221	65	80
23231222	65	95
23231223	65	90
23231231	71	74
23231232	71	89
23231233	71	84
23231311	62	60
23231312	62	75
23231313	62	70
23231321	60	75
23231322	60	90
23231323	60	85
23231331	60	69
23231332	60	84
23231333	60	79
23232111	64	68
23232112	64	53
23232113	64	66
23232121	62	53
23232122	62	38
23232123	62	51
23232131	66	67
23232132	66	52
23232133	66	65
23232211	51	56
23232212	51	41
23232213	51	54
23232221	47	41
23232222	47	26
23232223	47	39
23232231	53	55
23232232	53	40
23232233	53	53
23232311	72	71
23232312	72	56
23232313	72	69
23232321	70	56
23232322	70	41
23232323	70	54
23232331	70	70
23232332	70	55
23232333	70	68
23233111	44	43
23233112	44	46
23233113	44	33
23233121	42	48
23233122	42	51
23233123	42	38
23233131	46	34
23233132	46	37
23233133	46	24
23233211	57	51
23233212	57	54
23233213	57	41
23233221	53	56
23233222	53	59
23233223	53	46
23233231	59	42
23233232	59	45
23233233	59	32
23233311	44	36
23233312	44	39
23233313	44	26
23233321	42	41
23233322	42	44
23233323	42	31
23233331	42	27
23233332	42	30
23233333	42	17
23311111	24	28
23311112	24	43
23311113	24	38
23311121	25	43
23311122	25	58
23311123	25	53
23311131	23	37
23311132	23	52
23311133	23	47
23311211	57	40
23311212	57	55
23311213	57	50
23311221	56	55
23311222	56	70
23311223	56	65
23311231	56	49
23311232	56	64
23311233	56	59
23311311	25	35
23311312	25	50
23311313	25	45
23311321	26	50
23311322	26	65
23311323	26	60
23311331	20	44
23311332	20	59
23311333	20	54
23312111	50	83
23312112	50	68
23312113	50	81
23312121	51	68
23312122	51	53
23312123	51	66
23312131	49	82
23312132	49	67
23312133	49	80
23312211	57	71
23312212	57	56
23312213	57	69
23312221	56	56
23312222	56	41
23312223	56	54
23312231	56	70
23312232	56	55
23312233	56	68
23312311	53	86
23312312	53	71
23312313	53	84
23312321	54	71
23312322	54	56
23312323	54	69
23312331	48	85
23312332	48	70
23312333	48	83
23313111	31	43
23313112	31	46
23313113	31	33
23313121	32	48
23313122	32	51
23313123	32	38
23313131	30	34
23313132	30	37
23313133	30	24
23313211	64	51
23313212	64	54
23313213	64	41
23313221	63	56
23313222	63	59
23313223	63	46
23313231	63	42
23313232	63	45
23313233	63	32
23313311	26	36
23313312	26	39
23313313	26	26
23313321	27	41
23313322	27	44
23313323	27	31
23313331	21	27
23313332	21	30
23313333	21	17
23321111	35	43
23321112	35	58
23321113	35	53
23321121	36	58
23321122	36	73
23321123	36	68
23321131	34	52
23321132	34	67
23321133	34	62
23321211	66	55
23321212	66	70
23321213	66	65
23321221	65	70
23321222	65	85
23321223	65	80
23321231	65	64
23321232	65	79
23321233	65	74
23321311	36	50
23321312	36	65
23321313	36	60
23321321	37	65
23321322	37	80
23321323	37	75
23321331	31	59
23321332	31	74
23321333	31	69
23322111	36	68
23322112	36	53
23322113	36	66
23322121	37	53
23322122	37	38
23322123	37	51
23322131	35	67
23322132	35	52
23322133	35	65
23322211	41	56
23322212	41	41
23322213	41	54
23322221	40	41
23322222	40	26
23322223	40	39
23322231	40	55
23322232	40	40
23322233	40	53
23322311	39	71
23322312	39	56
23322313	39	69
23322321	40	56
23322322	40	41
23322323	40	54
23322331	34	70
23322332	34	55
23322333	34	68
23323111	36	43
23323112	36	46
23323113	36	33
23323121	37	48
23323122	37	51
23323123	37	38
23323131	35	34
23323132	35	37
23323133	35	24
23323211	67	51
23323212	67	54
23323213	67	41
23323221	66	56
23323222	66	59
23323223	66	46
23323231	66	42
23323232	66	45
23323233	66	32
23323311	31	36
23323312	31	39
23323313	31	26
23323321	32	41
23323322	32	44
23323323	32	31
23323331	26	27
23323332	26	30
23323333	26	17
23331111	30	43
23331112	30	58
23331113	30	53
23331121	31	58
23331122	31	73
23331123	31	68
23331131	29	52
23331132	29	67
23331133	29	62
23331211	63	55
23331212	63	70
23331213	63	65
23331221	62	70
23331222	62	85
23331223	62	80
23331231	62	64
23331232	62	79
23331233	62	74
23331311	31	50
23331312	31	65
23331313	31	60
23331321	32	65
23331322	32	80
23331323	32	75
23331331	26	59
23331332	26	74
23331333	26	69
23332111	50	83
23332112	50	68
23332113	50	81
23332121	51	68
23332122	51	53
23332123	51	66
23332131	49	82
23332132	49	67
23332133	49	80
23332211	57	71
23332212	57	56
23332213	57	69
23332221	56	56
23332222	56	41
23332223	56	54
23332231	56	70
23332232	56	55
23332233	56	68
23332311	53	86
23332312	53	71
23332313	53	84
23332321	54	71
23332322	54	56
23332323	54	69
23332331	48	85
23332332	48	70
23332333	48	83
23333111	15	28
23333112	15	31
23333113	15	18
23333121	16	33
23333122	16	36
23333123	16	23
23333131	14	19
23333132	14	22
23333133	14	9
23333211	48	36
23333212	48	39
23333213	48	26
23333221	47	41
23333222	47	44
23333223	47	31
23333231	47	27
23333232	47	30
23333233	47	17
23333311	10	21
23333312	10	24
23333313	10	11
23333321	11	26
23333322	11	29
23333323	11	16
23333331	5	12
23333332	5	15
23333333	5	2
31111111	15	15
31111112	15	30
31111113	15	25
31111121	19	30
31111122	19	45
31111123	19	40
31111131	20	24
31111132	20	39
31111133	20	34
31111211	51	27
31111212	51	42
31111213	51	37
31111221	53	42
31111222	53	57
31111223	53	52
31111231	56	36
31111232	56	51
31111233	56	46
31111311	24	22
31111312	24	37
31111313	24	32
31111321	28	37
31111322	28	52
31111323	28	47
31111331	25	31
31111332	25	46
31111333	25	41
31112111	43	88
31112112	43	73
31112113	43	86
31112121	47	73
31112122	47	58
31112123	47	71
31112131	48	87
31112132	48	72
31112133	48	85
31112211	53	76
31112212	53	61
31112213	53	74
31112221	55	61
31112222	55	46
31112223	55	59
31112231	58	75
31112232	58	60
31112233	58	73
31112311	54	91
31112312	54	76
31112313	54	89
31112321	58	76
31112322	58	61
31112323	58	74
31112331	55	90
31112332	55	75
31112333	55	88
31113111	26	55
31113112	26	58
31113113	26	45
31113121	30	60
31113122	30	63
31113123	30	50
31113131	31	46
31113132	31	49
31113133	31	36
31113211	62	63
31113212	62	66
31113213	62	53
31113221	64	68
31113222	64	71
31113223	64	58
31113231	67	54
31113232	67	57
31113233	67	44
31113311	29	48
31113312	29	51
31113313	29	38
31113321	33	53
31113322	33	56
31113323	33	43
31113331	30	39
31113332	30	42
31113333	30	29
31121111	32	30
31121112	32	45
31121113	32	40
31121121	36	45
31121122	36	60
31121123	36	55
31121131	37	39
31121132	37	54
31121133	37	49
31121211	66	42
31121212	66	57
31121213	66	52
31121221	68	57
31121222	68	72
31121223	68	67
31121231	71	51
31121232	71	66
31121233	71	61
31121311	41	37
31121312	41	52
31121313	41	47
31121321	45	52
31121322	45	67
31121323	45	62
31121331	42	46
31121332	42	61
31121333	42	56
31122111	35	73
31122112	35	58
31122113	35	71
31122121	39	58
31122122	39	43
31122123	39	56
31122131	40	72
31122132	40	57
31122133	40	70
31122211	43	61
31122212	43	46
31122213	43	59
31122221	45	46
31122222	45	31
31122223	45	44
31122231	48	60
31122232	48	45
31122233	48	58
31122311	46	76
31122312	46	61
31122313	46	74
31122321	50	61
31122322	50	46
31122323	50	59
31122331	47	75
31122332	47	60
31122333	47	73
31123111	37	55
31123112	37	58
31123113	37	45
31123121	41	60
31123122	41	63
31123123	41	50
31123131	42	46
31123132	42	49
31123133	42	36
31123211	71	63
31123212	71	66
31123213	71	53
31123221	73	68
31123222	73	71
31123223	73	58
31123231	76	54
31123232	76	57
31123233	76	44
31123311	40	48
31123312	40	51
31123313	40	38
31123321	44	53
31123322	44	56
31123323	44	43
31123331	41	39
31123332	41	42
31123333	41	29
31131111	27	30
31131112	27	45
31131113	27	40
31131121	31	45
31131122	31	60
31131123	31	55
31131131	32	39
31131132	32	54
31131133	32	49
31131211	63	42
31131212	63	57
31131213	63	52
31131221	65	57
31131222	65	72
31131223	65	67
31131231	68	51
31131232	68	66
31131233	68	61
31131311	36	37
31131312	36	52
31131313	36	47
31131321	40	52
31131322	40	67
31131323	40	62
31131331	37	46
31131332	37	61
31131333	37	56
31132111	49	88
31132112	49	73
31132113	49	86
31132121	53	73
31132122	53	58
31132123	53	71
31132131	54	87
31132132	54	72
31132133	54	85
31132211	59	76
31132212	59	61
31132213	59	74
31132221	61	61
31132222	61	46
31132223	61	59
31132231	64	75
31132232	64	60
31132233	64	73
31132311	60	91
31132312	60	76
31132313	60	89
31132321	64	76
31132322	64	61
31132323	64	74
31132331	61	90
31132332	61	75
31132333	61	88
31133111	16	40
31133112	16	43
31133113	16	30
31133121	20	45
31133122	20	48
31133123	20	35
31133131	21	31
31133132	21	34
31133133	21	21
31133211	52	48
31133212	52	51
31133213	52	38
31133221	54	53
31133222	54	56
31133223	54	43
31133231	57	39
31133232	57	42
31133233	57	29
31133311	19	33
31133312	19	36
31133313	19	23
31133321	23	38
31133322	23	41
31133323	23	28
31133331	20	24
31133332	20	27
31133333	20	14
31211111	49	30
31211112	49	45
31211113	49	40
31211121	47	45
31211122	47	60
31211123	47	55
31211131	51	39
31211132	51	54
31211133	51	49
31211211	65	42
31211212	65	57
31211213	65	52
31211221	61	57
31211222	61	72
31211223	61	67
31211231	67	51
31211232	67	66
31211233	67	61
31211311	59	37
31211312	59	52
31211313	59	47
31211321	57	52
31211322	57	67
31211323	57	62
31211331	57	46
31211332	57	61
31211333	57	56
31212111	63	73
31212112	63	58
31212113	63	71
31212121	61	58
31212122	61	43
31212123	61	56
31212131	65	72
31212132	65	57
31212133	65	70
31212211	53	61
31212212	53	46
31212213	53	59
31212221	49	46
31212222	49	31
31212223	49	44
31212231	55	60
31212232	55	45
31212233	55	58
31212311	75	76
31212312	75	61
31212313	75	74
31212321	73	61
31212322	73	46
31212323	73	59
31212331	73	75
31212332	73	60
31212333	73	73
31213111	59	65
31213112	59	68
31213113	59	55
31213121	57	70
31213122	57	73
31213123	57	60
31213131	61	56
31213132	61	59
31213133	61	46
31213211	75	73
31213212	75	76
31213213	75	63
31213221	71	78
31213222	71	81
31213223	71	68
31213231	77	64
31213232	77	67
31213233	77	54
31213311	63	58
31213312	63	61
31213313	63	48
31213321	61	63
31213322	61	66
31213323	61	53
31213331	61	49
31213332	61	52
31213333	61	39
31221111	59	45
31221112	59	60
31221113	59	55
31221121	57	60
31221122	57	75
31221123	57	70
31221131	61	54
31221132	61	69
31221133	61	64
31221211	73	57
31221212	73	72
31221213	73	67
31221221	69	72
31221222	69	87
31221223	69	82
31221231	75	66
31221232	75	81
31221233	75	76
31221311	69	52
31221312	69	67
31221313	69	62
31221321	67	67
31221322	67	82
31221323	67	77
31221331	67	61
31221332	67	76
31221333	67	71
31222111	48	58
31222112	48	43
31222113	48	56
31222121	46	43
31222122	46	28
31222123	46	41
31222131	50	57
31222132	50	42
31222133	50	55
31222211	36	46
31222212	36	31
31222213	36	44
31222221	32	31
31222222	32	16
31222223	32	29
31222231	38	45
31222232	38	30
31222233	38	43
31222311	60	61
31222312	60	46
31222313	60	59
31222321	58	46
31222322	58	31
31222323	58	44
31222331	58	60
31222332	58	45
31222333	58	58
31223111	63	65
31223112	63	68
31223113	63	55
31223121	61	70
31223122	61	73
31223123	61	60
31223131	65	56
31223132	65	59
31223133	65	46
31223211	77	73
31223212	77	76
31223213	77	63
31223221	73	78
31223222	73	81
31223223	73	68
31223231	79	64
31223232	79	67
31223233	79	54
31223311	67	58
31223312	67	61
31223313	67	48
31223321	65	63
31223322	65	66
31223323	65	53
31223331	65	49
31223332	65	52
31223333	65	39
31231111	59	45
31231112	59	60
31231113	59	55
31231121	57	60
31231122	57	75
31231123	57	70
31231131	61	54
31231132	61	69
31231133	61	64
31231211	75	57
31231212	75	72
31231213	75	67
31231221	71	72
31231222	71	87
31231223	71	82
31231231	77	66
31231232	77	81
31231233	77	76
31231311	69	52
31231312	69	67
31231313	69	62
31231321	67	67
31231322	67	82
31231323	67	77
31231331	67	61
31231332	67	76
31231333	67	71
31232111	67	73
31232112	67	58
31232113	67	71
31232121	65	58
31232122	65	43
31232123	65	56
31232131	69	72
31232132	69	57
31232133	69	70
31232211	57	61
31232212	57	46
31232213	57	59
31232221	53	46
31232222	53	31
31232223	53	44
31232231	59	60
31232232	59	45
31232233	59	58
31232311	79	76
31232312	79	61
31232313	79	74
31232321	77	61
31232322	77	46
31232323	77	59
31232331	77	75
31232332	77	60
31232333	77	73
31233111	47	50
31233112	47	53
31233113	47	40
31233121	45	55
31233122	45	58
31233123	45	45
31233131	49	41
31233132	49	44
31233133	49	31
31233211	63	58
31233212	63	61
31233213	63	48
31233221	59	63
31233222	59	66
31233223	59	53
31233231	65	49
31233232	65	52
31233233	65	39
31233311	51	43
31233312	51	46
31233313	51	33
31233321	49	48
31233322	49	51
31233323	49	38
31233331	49	34
31233332	49	37
31233333	49	24
31311111	24	20
31311112	24	35
31311113	24	30
31311121	25	35
31311122	25	50
31311123	25	45
31311131	23	29
31311132	23	44
31311133	23	39
31311211	60	32
31311212	60	47
31311213	60	42
31311221	59	47
31311222	59	62
31311223	59	57
31311231	59	41
31311232	59	56
31311233	59	51
31311311	29	27
31311312	29	42
31311313	29	37
31311321	30	42
31311322	30	57
31311323	30	52
31311331	24	36
31311332	24	51
31311333	24	46
31312111	50	88
31312112	50	73
31312113	50	86
31312121	51	73
31312122	51	58
31312123	51	71
31312131	49	87
31312132	49	72
31312133	49	85
31312211	60	76
31312212	60	61
31312213	60	74
31312221	59	61
31312222	59	46
31312223	59	59
31312231	59	75
31312232	59	60
31312233	59	73
31312311	57	91
31312312	57	76
31312313	57	89
31312321	58	76
31312322	58	61
31312323	58	74
31312331	52	90
31312332	52	75
31312333	52	88
31313111	31	50
31313112	31	53
31313113	31	40
31313121	32	55
31313122	32	58
31313123	32	45
31313131	30	41
31313132	30	44
31313133	30	31
31313211	67	58
31313212	67	61
31313213	67	48
31313221	66	63
31313222	66	66
31313223	66	53
31313231	66	49
31313232	66	52
31313233	66	39
31313311	30	43
31313312	30	46
31313313	30	33
31313321	31	48
31313322	31	51
31313323	31	38
31313331	25	34
31313332	25	37
31313333	25	24
31321111	39	35
31321112	39	50
31321113	39	45
31321121	40	50
31321122	40	65
31321123	40	60
31321131	38	44
31321132	38	59
31321133	38	54
31321211	73	47
31321212	73	62
31321213	73	57
31321221	72	62
31321222	72	77
31321223	72	72
31321231	72	56
31321232	72	71
31321233	72	66
31321311	44	42
31321312	44	57
31321313	44	52
31321321	45	57
31321322	45	72
31321323	45	67
31321331	39	51
31321332	39	66
31321333	39	61
31322111	40	73
31322112	40	58
31322113	40	71
31322121	41	58
31322122	41	43
31322123	41	56
31322131	39	72
31322132	39	57
31322133	39	70
31322211	48	61
31322212	48	46
31322213	48	59
31322221	47	46
31322222	47	31
31322223	47	44
31322231	47	60
31322232	47	45
31322233	47	58
31322311	47	76
31322312	47	61
31322313	47	74
31322321	48	61
31322322	48	46
31322323	48	59
31322331	42	75
31322332	42	60
31322333	42	73
31323111	40	50
31323112	40	53
31323113	40	40
31323121	41	55
31323122	41	58
31323123	41	45
31323131	39	41
31323132	39	44
31323133	39	31
31323211	74	58
31323212	74	61
31323213	74	48
31323221	73	63
31323222	73	66
31323223	73	53
31323231	73	49
31323232	73	52
31323233	73	39
31323311	39	43
31323312	39	46
31323313	39	33
31323321	40	48
31323322	40	51
31323323	40	38
31323331	34	34
31323332	34	37
31323333	34	24
31331111	32	35
31331112	32	50
31331113	32	45
31331121	33	50
31331122	33	65
31331123	33	60
31331131	31	44
31331132	31	59
31331133	31	54
31331211	68	47
31331212	68	62
31331213	68	57
31331221	67	62
31331222	67	77
31331223	67	72
31331231	67	56
31331232	67	71
31331233	67	66
31331311	37	42
31331312	37	57
31331313	37	52
31331321	38	57
31331322	38	72
31331323	38	67
31331331	32	51
31331332	32	66
31331333	32	61
31332111	52	88
31332112	52	73
31332113	52	86
31332121	53	73
31332122	53	58
31332123	53	71
31332131	51	87
31332132	51	72
31332133	51	85
31332211	62	76
31332212	62	61
31332213	62	74
31332221	61	61
31332222	61	46
31332223	61	59
31332231	61	75
31332232	61	60
31332233	61	73
31332311	59	91
31332312	59	76
31332313	59	89
31332321	60	76
31332322	60	61
31332323	60	74
31332331	54	90
31332332	54	75
31332333	54	88
31333111	17	35
31333112	17	38
31333113	17	25
31333121	18	40
31333122	18	43
31333123	18	30
31333131	16	26
31333132	16	29
31333133	16	16
31333211	53	43
31333212	53	46
31333213	53	33
31333221	52	48
31333222	52	51
31333223	52	38
31333231	52	34
31333232	52	37
31333233	52	24
31333311	16	28
31333312	16	31
31333313	16	18
31333321	17	33
31333322	17	36
31333323	17	23
31333331	11	19
31333332	11	22
31333333	11	9
32111111	35	29
32111112	35	44
32111113	35	39
32111121	39	44
32111122	39	59
32111123	39	54
32111131	40	38
32111132	40	53
32111133	40	48
32111211	49	41
32111212	49	56
32111213	49	51
32111221	51	56
32111222	51	71
32111223	51	66
32111231	54	50
32111232	54	65
32111233	54	60
32111311	41	36
32111312	41	51
32111313	41	46
32111321	45	51
32111322	45	66
32111323	45	61
32111331	42	45
32111332	42	60
32111333	42	55
32112111	63	74
32112112	63	59
32112113	63	72
32112121	67	59
32112122	67	44
32112123	67	57
32112131	68	73
32112132	68	58
32112133	68	71
32112211	51	62
32112212	51	47
32112213	51	60
32112221	53	47
32112222	53	32
32112223	53	45
32112231	56	61
32112232	56	46
32112233	56	59
32112311	71	77
32112312	71	62
32112313	71	75
32112321	75	62
32112322	75	47
32112323	75	60
32112331	72	76
32112332	72	61
32112333	72	74
32113111	46	57
32113112	46	60
32113113	46	47
32113121	50	62
32113122	50	65
32113123	50	52
32113131	51	48
32113132	51	51
32113133	51	38
32113211	60	65
32113212	60	68
32113213	60	55
32113221	62	70
32113222	62	73
32113223	62	60
32113231	65	56
32113232	65	59
32113233	65	46
32113311	46	50
32113312	46	53
32113313	46	40
32113321	50	55
32113322	50	58
32113323	50	45
32113331	47	41
32113332	47	44
32113333	47	31
32121111	46	44
32121112	46	59
32121113	46	54
32121121	50	59
32121122	50	74
32121123	50	69
32121131	51	53
32121132	51	68
32121133	51	63
32121211	58	56
32121212	58	71
32121213	58	66
32121221	60	71
32121222	60	86
32121223	60	81
32121231	63	65
32121232	63	80
32121233	63	75
32121311	52	51
32121312	52	66
32121313	52	61
32121321	56	66
32121322	56	81
32121323	56	76
32121331	53	60
32121332	53	75
32121333	53	70
32122111	49	59
32122112	49	44
32122113	49	57
32122121	53	44
32122122	53	29
32122123	53	42
32122131	54	58
32122132	54	43
32122133	54	56
32122211	35	47
32122212	35	32
32122213	35	45
32122221	37	32
32122222	37	17
32122223	37	30
32122231	40	46
32122232	40	31
32122233	40	44
32122311	57	62
32122312	57	47
32122313	57	60
32122321	61	47
32122322	61	32
32122323	61	45
32122331	58	61
32122332	58	46
32122333	58	59
32123111	51	57
32123112	51	60
32123113	51	47
32123121	55	62
32123122	55	65
32123123	55	52
32123131	56	48
32123132	56	51
32123133	56	38
32123211	63	65
32123212	63	68
32123213	63	55
32123221	65	70
32123222	65	73
32123223	65	60
32123231	68	56
32123232	68	59
32123233	68	46
32123311	51	50
32123312	51	53
32123313	51	40
32123321	55	55
32123322	55	58
32123323	55	45
32123331	52	41
32123332	52	44
32123333	52	31
32131111	43	44
32131112	43	59
32131113	43	54
32131121	47	59
32131122	47	74
32131123	47	69
32131131	48	53
32131132	48	68
32131133	48	63
32131211	57	56
32131212	57	71
32131213	57	66
32131221	59	71
32131222	59	86
32131223	59	81
32131231	62	65
32131232	62	80
32131233	62	75
32131311	49	51
32131312	49	66
32131313	49	61
32131321	53	66
32131322	53	81
32131323	53	76
32131331	50	60
32131332	50	75
32131333	50	70
32132111	65	74
32132112	65	59
32132113	65	72
32132121	69	59
32132122	69	44
32132123	69	57
32132131	70	73
32132132	70	58
32132133	70	71
32132211	53	62
32132212	53	47
32132213	53	60
32132221	55	47
32132222	55	32
32132223	55	45
32132231	58	61
32132232	58	46
32132233	58	59
32132311	73	77
32132312	73	62
32132313	73	75
32132321	77	62
32132322	77	47
32132323	77	60
32132331	74	76
32132332	74	61
32132333	74	74
32133111	32	42
32133112	32	45
32133113	32	32
32133121	36	47
32133122	36	50
32133123	36	37
32133131	37	33
32133132	37	36
32133133	37	23
32133211	46	50
32133212	46	53
32133213	46	40
32133221	48	55
32133222	48	58
32133223	48	45
32133231	51	41
32133232	51	44
32133233	51	31
32133311	32	35
32133312	32	38
32133313	32	25
32133321	36	40
32133322	36	43
32133323	36	30
32133331	33	26
32133332	33	29
32133333	33	16
32211111	50	44
32211112	50	59
32211113	50	54
32211121	48	59
32211122	48	74
32211123	48	69
32211131	52	53
32211132	52	68
32211133	52	63
32211211	44	56
32211212	44	71
32211213	44	66
32211221	40	71
32211222	40	86
32211223	40	81
32211231	46	65
32211232	46	80
32211233	46	75
32211311	57	51
32211312	57	66
32211313	57	61
32211321	55	66
32211322	55	81
32211323	55	76
32211331	55	60
32211332	55	75
32211333	55	70
32212111	64	59
32212112	64	44
32212113	64	57
32212121	62	44
32212122	62	29
32212123	62	42
32212131	66	58
32212132	66	43
32212133	66	56
32212211	32	47
32212212	32	32
32212213	32	45
32212221	28	32
32212222	28	17
32212223	28	30
32212231	34	46
32212232	34	31
32212233	34	44
32212311	73	62
32212312	73	47
32212313	73	60
32212321	71	47
32212322	71	32
32212323	71	45
32212331	71	61
32212332	71	46
32212333	71	59
32213111	60	67
32213112	60	70
32213113	60	57
32213121	58	72
32213122	58	75
32213123	58	62
32213131	62	58
32213132	62	61
32213133	62	48
32213211	54	75
32213212	54	78
32213213	54	65
32213221	50	80
32213222	50	83
32213223	50	70
32213231	56	66
32213232	56	69
32213233	56	56
32213311	61	60
32213312	61	63
32213313	61	50
32213321	59	65
32213322	59	68
32213323	59	55
32213331	59	51
32213332	59	54
32213333	59	41
32221111	54	59
32221112	54	74
32221113	54	69
32221121	52	74
32221122	52	89
32221123	52	84
32221131	56	68
32221132	56	83
32221133	56	78
32221211	46	71
32221212	46	86
32221213	46	81
32221221	42	86
32221222	42	97
32221223	42	96
32221231	48	80
32221232	48	95
32221233	48	90
32221311	61	66
32221312	61	81
32221313	61	76
32221321	59	81
32221322	59	96
32221323	59	91
32221331	59	75
32221332	59	90
32221333	59	85
32222111	43	44
32222112	43	29
32222113	43	42
32222121	41	29
32222122	41	14
32222123	41	27
32222131	45	43
32222132	45	28
32222133	45	41
32222211	9	32
32222212	9	17
32222213	9	30
32222221	5	17
32222222	5	2
32222223	5	15
32222231	11	31
32222232	11	16
32222233	11	29
32222311	52	47
32222312	52	32
32222313	52	45
32222321	50	32
32222322	50	17
32222323	50	30
32222331	50	46
32222332	50	31
32222333	50	44
32223111	58	67
32223112	58	70
32223113	58	57
32223121	56	72
32223122	56	75
32223123	56	62
32223131	60	58
32223132	60	61
32223133	60	48
32223211	50	75
32223212	50	78
32223213	50	65
32223221	46	80
32223222	46	83
32223223	46	70
32223231	52	66
32223232	52	69
32223233	52	56
32223311	59	60
32223312	59	63
32223313	59	50
32223321	57	65
32223322	57	68
32223323	57	55
32223331	57	51
32223332	57	54
32223333	57	41
32231111	56	59
32231112	56	74
32231113	56	69
32231121	54	74
32231122	54	89
32231123	54	84
32231131	58	68
32231132	58	83
32231133	58	78
32231211	50	71
32231212	50	86
32231213	50	81
32231221	46	86
32231222	46	101
32231223	46	96
32231231	52	80
32231232	52	95
32231233	52	90
32231311	63	66
32231312	63	81
32231313	63	76
32231321	61	81
32231322	61	96
32231323	61	91
32231331	61	75
32231332	61	90
32231333	61	85
32232111	64	59
32232112	64	44
32232113	64	57
32232121	62	44
32232122	62	29
32232123	62	42
32232131	66	58
32232132	66	43
32232133	66	56
32232211	32	47
32232212	32	32
32232213	32	45
32232221	28	32
32232222	28	17
32232223	28	30
32232231	34	46
32232232	34	31
32232233	34	44
32232311	73	62
32232312	73	47
32232313	73	60
32232321	71	47
32232322	71	32
32232323	71	45
32232331	71	61
32232332	71	46
32232333	71	59
32233111	44	52
32233112	44	55
32233113	44	42
32233121	42	57
32233122	42	60
32233123	42	47
32233131	46	43
32233132	46	46
32233133	46	33
32233211	38	60
32233212	38	63
32233213	38	50
32233221	34	65
32233222	34	68
32233223	34	55
32233231	40	51
32233232	40	54
32233233	40	41
32233311	45	45
32233312	45	48
32233313	45	35
32233321	43	50
32233322	43	53
32233323	43	40
32233331	43	36
32233332	43	39
32233333	43	26
32311111	44	34
32311112	44	49
32311113	44	44
32311121	45	49
32311122	45	64
32311123	45	59
32311131	43	43
32311132	43	58
32311133	43	53
32311211	58	46
32311212	58	61
32311213	58	56
32311221	57	61
32311222	57	76
32311223	57	71
32311231	57	55
32311232	57	70
32311233	57	65
32311311	46	41
32311312	46	56
32311313	46	51
32311321	47	56
32311322	47	71
32311323	47	66
32311331	41	50
32311332	41	65
32311333	41	60
32312111	70	74
32312112	70	59
32312113	70	72
32312121	71	59
32312122	71	44
32312123	71	57
32312131	69	73
32312132	69	58
32312133	69	71
32312211	58	62
32312212	58	47
32312213	58	60
32312221	57	47
32312222	57	32
32312223	57	45
32312231	57	61
32312232	57	46
32312233	57	59
32312311	74	77
32312312	74	62
32312313	74	75
32312321	75	62
32312322	75	47
32312323	75	60
32312331	69	76
32312332	69	61
32312333	69	74
32313111	51	52
32313112	51	55
32313113	51	42
32313121	52	57
32313122	52	60
32313123	52	47
32313131	50	43
32313132	50	46
32313133	50	33
32313211	65	60
32313212	65	63
32313213	65	50
32313221	64	65
32313222	64	68
32313223	64	55
32313231	64	51
32313232	64	54
32313233	64	41
32313311	47	45
32313312	47	48
32313313	47	35
32313321	48	50
32313322	48	53
32313323	48	40
32313331	42	36
32313332	42	39
32313333	42	26
32321111	53	49
32321112	53	64
32321113	53	59
32321121	54	64
32321122	54	79
32321123	54	74
32321131	52	58
32321132	52	73
32321133	52	68
32321211	65	61
32321212	65	76
32321213	65	71
32321221	64	76
32321222	64	91
32321223	64	86
32321231	64	70
32321232	64	85
32321233	64	80
32321311	55	56
32321312	55	71
32321313	55	66
32321321	56	71
32321322	56	86
32321323	56	81
32321331	50	65
32321332	50	80
32321333	50	75
32322111	54	59
32322112	54	44
32322113	54	57
32322121	55	44
32322122	55	29
32322123	55	42
32322131	53	58
32322132	53	43
32322133	53	56
32322211	40	47
32322212	40	32
32322213	40	45
32322221	39	32
32322222	39	17
32322223	39	30
32322231	39	46
32322232	39	31
32322233	39	44
32322311	58	62
32322312	58	47
32322313	58	60
32322321	59	47
32322322	59	32
32322323	59	45
32322331	53	61
32322332	53	46
32322333	53	59
32323111	54	52
32323112	54	55
32323113	54	42
32323121	55	57
32323122	55	60
32323123	55	47
32323131	53	43
32323132	53	46
32323133	53	33
32323211	66	60
32323212	66	63
32323213	66	50
32323221	65	65
32323222	65	68
32323223	65	55
32323231	65	51
32323232	65	54
32323233	65	41
32323311	50	45
32323312	50	48
32323313	50	35
32323321	51	50
32323322	51	53
32323323	51	40
32323331	45	36
32323332	45	39
32323333	45	26
32331111	48	49
32331112	48	64
32331113	48	59
32331121	49	64
32331122	49	79
32331123	49	74
32331131	47	58
32331132	47	73
32331133	47	68
32331211	62	61
32331212	62	76
32331213	62	71
32331221	61	76
32331222	61	91
32331223	61	86
32331231	61	70
32331232	61	85
32331233	61	80
32331311	50	56
32331312	50	71
32331313	50	66
32331321	51	71
32331322	51	86
32331323	51	81
32331331	45	65
32331332	45	80
32331333	45	75
32332111	68	74
32332112	68	59
32332113	68	72
32332121	69	59
32332122	69	44
32332123	69	57
32332131	67	73
32332132	67	58
32332133	67	71
32332211	56	62
32332212	56	47
32332213	56	60
32332221	55	47
32332222	55	32
32332223	55	45
32332231	55	61
32332232	55	46
32332233	55	59
32332311	72	77
32332312	72	62
32332313	72	75
32332321	73	62
32332322	73	47
32332323	73	60
32332331	67	76
32332332	67	61
32332333	67	74
32333111	33	37
32333112	33	40
32333113	33	27
32333121	34	42
32333122	34	45
32333123	34	32
32333131	32	28
32333132	32	31
32333133	32	18
32333211	47	45
32333212	47	48
32333213	47	35
32333221	46	50
32333222	46	53
32333223	46	40
32333231	46	36
32333232	46	39
32333233	46	26
32333311	29	30
32333312	29	33
32333313	29	20
32333321	30	35
32333322	30	38
32333323	30	25
32333331	24	21
32333332	24	24
32333333	24	11
33111111	14	24
33111112	14	39
33111113	14	34
33111121	18	39
33111122	18	54
33111123	18	49
33111131	19	33
33111132	19	48
33111133	19	43
33111211	47	36
33111212	47	51
33111213	47	46
33111221	49	51
33111222	49	66
33111223	49	61
33111231	52	45
33111232	52	60
33111233	52	55
33111311	19	31
33111312	19	46
33111313	19	41
33111321	23	46
33111322	23	61
33111323	23	56
33111331	20	40
33111332	20	55
33111333	20	50
33112111	42	85
33112112	42	70
33112113	42	83
33112121	46	70
33112122	46	55
33112123	46	68
33112131	47	84
33112132	47	69
33112133	47	82
33112211	49	73
33112212	49	58
33112213	49	71
33112221	51	58
33112222	51	43
33112223	51	56
33112231	54	72
33112232	54	57
33112233	54	70
33112311	49	88
33112312	49	73
33112313	49	86
33112321	53	73
33112322	53	58
33112323	53	71
33112331	50	87
33112332	50	72
33112333	50	85
33113111	25	46
33113112	25	49
33113113	25	36
33113121	29	51
33113122	29	54
33113123	29	41
33113131	30	37
33113132	30	40
33113133	30	27
33113211	58	54
33113212	58	57
33113213	58	44
33113221	60	59
33113222	60	62
33113223	60	49
33113231	63	45
33113232	63	48
33113233	63	35
33113311	24	39
33113312	24	42
33113313	24	29
33113321	28	44
33113322	28	47
33113323	28	34
33113331	25	30
33113332	25	33
33113333	25	20
33121111	27	39
33121112	27	54
33121113	27	49
33121121	31	54
33121122	31	69
33121123	31	64
33121131	32	48
33121132	32	63
33121133	32	58
33121211	58	51
33121212	58	66
33121213	58	61
33121221	60	66
33121222	60	81
33121223	60	76
33121231	63	60
33121232	63	75
33121233	63	70
33121311	32	46
33121312	32	61
33121313	32	56
33121321	36	61
33121322	36	76
33121323	36	71
33121331	33	55
33121332	33	70
33121333	33	65
33122111	30	70
33122112	30	55
33122113	30	68
33122121	34	55
33122122	34	40
33122123	34	53
33122131	35	69
33122132	35	54
33122133	35	67
33122211	35	58
33122212	35	43
33122213	35	56
33122221	37	43
33122222	37	28
33122223	37	41
33122231	40	57
33122232	40	42
33122233	40	55
33122311	37	73
33122312	37	58
33122313	37	71
33122321	41	58
33122322	41	43
33122323	41	56
33122331	38	72
33122332	38	57
33122333	38	70
33123111	32	46
33123112	32	49
33123113	32	36
33123121	36	51
33123122	36	54
33123123	36	41
33123131	37	37
33123132	37	40
33123133	37	27
33123211	63	54
33123212	63	57
33123213	63	44
33123221	65	59
33123222	65	62
33123223	65	49
33123231	68	45
33123232	68	48
33123233	68	35
33123311	31	39
33123312	31	42
33123313	31	29
33123321	35	44
33123322	35	47
33123323	35	34
33123331	32	30
33123332	32	33
33123333	32	20
33131111	20	39
33131112	20	54
33131113	20	49
33131121	24	54
33131122	24	69
33131123	24	64
33131131	25	48
33131132	25	63
33131133	25	58
33131211	53	51
33131212	53	66
33131213	53	61
33131221	55	66
33131222	55	81
33131223	55	76
33131231	58	60
33131232	58	75
33131233	58	70
33131311	25	46
33131312	25	61
33131313	25	56
33131321	29	61
33131322	29	76
33131323	29	71
33131331	26	55
33131332	26	70
33131333	26	65
33132111	42	85
33132112	42	70
33132113	42	83
33132121	46	70
33132122	46	55
33132123	46	68
33132131	47	84
33132132	47	69
33132133	47	82
33132211	49	73
33132212	49	58
33132213	49	71
33132221	51	58
33132222	51	43
33132223	51	56
33132231	54	72
33132232	54	57
33132233	54	70
33132311	49	88
33132312	49	73
33132313	49	86
33132321	53	73
33132322	53	58
33132323	53	71
33132331	50	87
33132332	50	72
33132333	50	85
33133111	9	31
33133112	9	34
33133113	9	21
33133121	13	36
33133122	13	39
33133123	13	26
33133131	14	22
33133132	14	25
33133133	14	12
33133211	42	39
33133212	42	42
33133213	42	29
33133221	44	44
33133222	44	47
33133223	44	34
33133231	47	30
33133232	47	33
33133233	47	20
33133311	8	24
33133312	8	27
33133313	8	14
33133321	12	29
33133322	12	32
33133323	12	19
33133331	9	15
33133332	9	18
33133333	9	5
33211111	47	39
33211112	47	54
33211113	47	49
33211121	45	54
33211122	45	69
33211123	45	64
33211131	49	48
33211132	49	63
33211133	49	58
33211211	60	51
33211212	60	66
33211213	60	61
33211221	56	66
33211222	56	81
33211223	56	76
33211231	62	60
33211232	62	75
33211233	62	70
33211311	53	46
33211312	53	61
33211313	53	56
33211321	51	61
33211322	51	76
33211323	51	71
33211331	51	55
33211332	51	70
33211333	51	65
33212111	61	70
33212112	61	55
33212113	61	68
33212121	59	55
33212122	59	40
33212123	59	53
33212131	63	69
33212132	63	54
33212133	63	67
33212211	48	58
33212212	48	43
33212213	48	56
33212221	44	43
33212222	44	28
33212223	44	41
33212231	50	57
33212232	50	42
33212233	50	55
33212311	69	73
33212312	69	58
33212313	69	71
33212321	67	58
33212322	67	43
33212323	67	56
33212331	67	72
33212332	67	57
33212333	67	70
33213111	57	56
33213112	57	59
33213113	57	46
33213121	55	61
33213122	55	64
33213123	55	51
33213131	59	47
33213132	59	50
33213133	59	37
33213211	70	64
33213212	70	67
33213213	70	54
33213221	66	69
33213222	66	72
33213223	66	59
33213231	72	55
33213232	72	58
33213233	72	45
33213311	57	49
33213312	57	52
33213313	57	39
33213321	55	54
33213322	55	57
33213323	55	44
33213331	55	40
33213332	55	43
33213333	55	30
33221111	53	54
33221112	53	69
33221113	53	64
33221121	51	69
33221122	51	84
33221123	51	79
33221131	55	63
33221132	55	78
33221133	55	73
33221211	64	66
33221212	64	81
33221213	64	76
33221221	60	81
33221222	60	96
33221223	60	91
33221231	66	75
33221232	66	90
33221233	66	85
33221311	59	61
33221312	59	76
33221313	59	71
33221321	57	76
33221322	57	91
33221323	57	86
33221331	57	70
33221332	57	85
33221333	57	80
33222111	42	55
33222112	42	40
33222113	42	53
33222121	40	40
33222122	40	25
33222123	40	38
33222131	44	54
33222132	44	39
33222133	44	52
33222211	27	43
33222212	27	28
33222213	27	41
33222221	23	28
33222222	23	13
33222223	23	26
33222231	29	42
33222232	29	27
33222233	29	40
33222311	50	58
33222312	50	43
33222313	50	56
33222321	48	43
33222322	48	28
33222323	48	41
33222331	48	57
33222332	48	42
33222333	48	55
33223111	57	56
33223112	57	59
33223113	57	46
33223121	55	61
33223122	55	64
33223123	55	51
33223131	59	47
33223132	59	50
33223133	59	37
33223211	68	64
33223212	68	67
33223213	68	54
33223221	64	69
33223222	64	72
33223223	64	59
33223231	70	55
33223232	70	58
33223233	70	45
33223311	57	49
33223312	57	52
33223313	57	39
33223321	55	54
33223322	55	57
33223323	55	44
33223331	55	40
33223332	55	43
33223333	55	30
33231111	51	54
33231112	51	69
33231113	51	64
33231121	49	69
33231122	49	84
33231123	49	79
33231131	53	63
33231132	53	78
33231133	53	73
33231211	64	66
33231212	64	81
33231213	64	76
33231221	60	81
33231222	60	96
33231223	60	91
33231231	66	75
33231232	66	90
33231233	66	85
33231311	57	61
33231312	57	76
33231313	57	71
33231321	55	76
33231322	55	91
33231323	55	86
33231331	55	70
33231332	55	85
33231333	55	80
33232111	59	70
33232112	59	55
33232113	59	68
33232121	57	55
33232122	57	40
33232123	57	53
33232131	61	69
33232132	61	54
33232133	61	67
33232211	46	58
33232212	46	43
33232213	46	56
33232221	42	43
33232222	42	28
33232223	42	41
33232231	48	57
33232232	48	42
33232233	48	55
33232311	67	73
33232312	67	58
33232313	67	71
33232321	65	58
33232322	65	43
33232323	65	56
33232331	65	72
33232332	65	57
33232333	65	70
33233111	39	41
33233112	39	44
33233113	39	31
33233121	37	46
33233122	37	49
33233123	37	36
33233131	41	32
33233132	41	35
33233133	41	22
33233211	52	49
33233212	52	52
33233213	52	39
33233221	48	54
33233222	48	57
33233223	48	44
33233231	54	40
33233232	54	43
33233233	54	30
33233311	39	34
33233312	39	37
33233313	39	24
33233321	37	39
33233322	37	42
33233323	37	29
33233331	37	25
33233332	37	28
33233333	37	15
33311111	23	29
33311112	23	44
33311113	23	39
33311121	24	44
33311122	24	59
33311123	24	54
33311131	22	38
33311132	22	53
33311133	22	48
33311211	56	41
33311212	56	56
33311213	56	51
33311221	55	56
33311222	55	71
33311223	55	66
33311231	55	50
33311232	55	65
33311233	55	60
33311311	24	36
33311312	24	51
33311313	24	46
33311321	25	51
33311322	25	66
33311323	25	61
33311331	19	45
33311332	19	60
33311333	19	55
33312111	49	85
33312112	49	70
33312113	49	83
33312121	50	70
33312122	50	55
33312123	50	68
33312131	48	84
33312132	48	69
33312133	48	82
33312211	56	73
33312212	56	58
33312213	56	71
33312221	55	58
33312222	55	43
33312223	55	56
33312231	55	72
33312232	55	57
33312233	55	70
33312311	52	88
33312312	52	73
33312313	52	86
33312321	53	73
33312322	53	58
33312323	53	71
33312331	47	87
33312332	47	72
33312333	47	85
33313111	30	41
33313112	30	44
33313113	30	31
33313121	31	46
33313122	31	49
33313123	31	36
33313131	29	32
33313132	29	35
33313133	29	22
33313211	63	49
33313212	63	52
33313213	63	39
33313221	62	54
33313222	62	57
33313223	62	44
33313231	62	40
33313232	62	43
33313233	62	30
33313311	25	34
33313312	25	37
33313313	25	24
33313321	26	39
33313322	26	42
33313323	26	29
33313331	20	25
33313332	20	28
33313333	20	15
33321111	34	44
33321112	34	59
33321113	34	54
33321121	35	59
33321122	35	74
33321123	35	69
33321131	33	53
33321132	33	68
33321133	33	63
33321211	65	56
33321212	65	71
33321213	65	66
33321221	64	71
33321222	64	86
33321223	64	81
33321231	64	65
33321232	64	80
33321233	64	75
33321311	35	51
33321312	35	66
33321313	35	61
33321321	36	66
33321322	36	81
33321323	36	76
33321331	30	60
33321332	30	75
33321333	30	70
33322111	35	70
33322112	35	55
33322113	35	68
33322121	36	55
33322122	36	40
33322123	36	53
33322131	34	69
33322132	34	54
33322133	34	67
33322211	40	58
33322212	40	43
33322213	40	56
33322221	39	43
33322222	39	28
33322223	39	41
33322231	39	57
33322232	39	42
33322233	39	55
33322311	38	73
33322312	38	58
33322313	38	71
33322321	39	58
33322322	39	43
33322323	39	56
33322331	33	72
33322332	33	57
33322333	33	70
33323111	35	41
33323112	35	44
33323113	35	31
33323121	36	46
33323122	36	49
33323123	36	36
33323131	34	32
33323132	34	35
33323133	34	22
33323211	66	49
33323212	66	52
33323213	66	39
33323221	65	54
33323222	65	57
33323223	65	44
33323231	65	40
33323232	65	43
33323233	65	30
33323311	30	34
33323312	30	37
33323313	30	24
33323321	31	39
33323322	31	42
33323323	31	29
33323331	25	25
33323332	25	28
33323333	25	15
33331111	25	44
33331112	25	59
33331113	25	54
33331121	26	59
33331122	26	74
33331123	26	69
33331131	24	53
33331132	24	68
33331133	24	63
33331211	58	56
33331212	58	71
33331213	58	66
33331221	57	71
33331222	57	86
33331223	57	81
33331231	57	65
33331232	57	80
33331233	57	75
33331311	26	51
33331312	26	66
33331313	26	61
33331321	27	66
33331322	27	81
33331323	27	76
33331331	21	60
33331332	21	75
33331333	21	70
33332111	45	85
33332112	45	70
33332113	45	83
33332121	46	70
33332122	46	55
33332123	46	68
33332131	44	84
33332132	44	69
33332133	44	82
33332211	52	73
33332212	52	58
33332213	52	71
33332221	51	58
33332222	51	43
33332223	51	56
33332231	51	72
33332232	51	57
33332233	51	70
33332311	48	88
33332312	48	73
33332313	48	86
33332321	49	73
33332322	49	58
33332323	49	71
33332331	43	87
33332332	43	72
33332333	43	85
33333111	10	26
33333112	10	29
33333113	10	16
33333121	11	31
33333122	11	34
33333123	11	21
33333131	9	17
33333132	9	20
33333133	9	7
33333211	43	34
33333212	43	37
33333213	43	24
33333221	42	39
33333222	42	42
33333223	42	29
33333231	42	25
33333232	42	28
33333233	42	15
33333311	5	19
33333312	5	22
33333313	5	9
33333321	6	24
33333322	6	27
33333323	6	14
33333331	0	10
33333332	0	13
33333333	0	0
# Average disruption <E> = 49.6667
# Average mutation <m> = 56.6644
