# No bin width specified; using bin width=1.0.
# RASPP took 29.30 secs
# RASPP found 650 results
# RASPP found 16 unique (<E>,<m>) points
# RASPP curve took 28.59 secs
# <E>	<m>	crossover points
49.6667	56.6644	16 33 49 74 217 235 255 
50.3333	59.9883	18 157 173 189 217 235 255 
51.4444	61.9546	16 33 49 84 217 235 255 
55.3333	70.1843	18 57 81 191 212 232 254 
55.6667	71.3339	18 49 84 191 212 232 254 
52.1111	72.0594	108 157 173 189 217 235 255 
55.7778	74.1699	18 122 143 160 178 229 251 
57.5556	75.1169	18 118 142 160 178 229 252 
53.4444	77.3024	18 108 157 189 217 235 255 
53.8889	77.7260	18 100 157 189 217 235 255 
55.7778	79.0274	16 33 108 157 173 229 250 
56.8889	81.2116	18 49 108 157 173 229 250 
58.1111	81.9877	18 49 108 157 178 229 252 
58.7778	83.0689	21 49 108 157 185 220 246 
65.0000	83.7087	20 57 108 150 185 220 244 
77.8889	84.7414	29 58 108 144 173 204 242 
