# chimera	E	m
11111111	0	0
11111112	0	4
11111113	0	3
11111121	0	5
11111122	0	9
11111123	0	8
11111131	0	2
11111132	0	6
11111133	0	5
11111211	0	4
11111212	0	8
11111213	0	7
11111221	0	9
11111222	0	13
11111223	0	12
11111231	0	6
11111232	0	10
11111233	0	9
11111311	0	5
11111312	0	9
11111313	0	8
11111321	0	10
11111322	0	14
11111323	0	13
11111331	0	7
11111332	0	11
11111333	0	10
11112111	0	5
11112112	0	9
11112113	0	8
11112121	0	10
11112122	0	14
11112123	0	13
11112131	0	7
11112132	0	11
11112133	0	10
11112211	0	9
11112212	0	13
11112213	0	12
11112221	0	14
11112222	0	18
11112223	0	17
11112231	0	11
11112232	0	15
11112233	0	14
11112311	0	10
11112312	0	14
11112313	0	13
11112321	0	15
11112322	0	19
11112323	0	18
11112331	0	12
11112332	0	16
11112333	0	15
11113111	0	4
11113112	0	8
11113113	0	7
11113121	0	9
11113122	0	13
11113123	0	12
11113131	0	6
11113132	0	10
11113133	0	9
11113211	0	8
11113212	0	12
11113213	0	11
11113221	0	13
11113222	0	17
11113223	0	16
11113231	0	10
11113232	0	14
11113233	0	13
11113311	0	9
11113312	0	13
11113313	0	12
11113321	0	14
11113322	0	18
11113323	0	17
11113331	0	11
11113332	0	15
11113333	0	14
11121111	1	4
11121112	1	8
11121113	1	7
11121121	1	9
11121122	1	13
11121123	1	12
11121131	1	6
11121132	1	10
11121133	1	9
11121211	1	8
11121212	1	12
11121213	1	11
11121221	1	13
11121222	1	17
11121223	1	16
11121231	1	10
11121232	1	14
11121233	1	13
11121311	1	9
11121312	1	13
11121313	1	12
11121321	1	14
11121322	1	18
11121323	1	17
11121331	1	11
11121332	1	15
11121333	1	14
11122111	1	9
11122112	1	13
11122113	1	12
11122121	1	14
11122122	1	18
11122123	1	17
11122131	1	11
11122132	1	15
11122133	1	14
11122211	1	13
11122212	1	17
11122213	1	16
11122221	1	18
11122222	1	22
11122223	1	21
11122231	1	15
11122232	1	19
11122233	1	18
11122311	1	14
11122312	1	18
11122313	1	17
11122321	1	19
11122322	1	23
11122323	1	22
11122331	1	16
11122332	1	20
11122333	1	19
11123111	1	8
11123112	1	12
11123113	1	11
11123121	1	13
11123122	1	17
11123123	1	16
11123131	1	10
11123132	1	14
11123133	1	13
11123211	1	12
11123212	1	16
11123213	1	15
11123221	1	17
11123222	1	21
11123223	1	20
11123231	1	14
11123232	1	18
11123233	1	17
11123311	1	13
11123312	1	17
11123313	1	16
11123321	1	18
11123322	1	22
11123323	1	21
11123331	1	15
11123332	1	19
11123333	1	18
11131111	0	2
11131112	0	6
11131113	0	5
11131121	0	7
11131122	0	11
11131123	0	10
11131131	0	4
11131132	0	8
11131133	0	7
11131211	0	6
11131212	0	10
11131213	0	9
11131221	0	11
11131222	0	15
11131223	0	14
11131231	0	8
11131232	0	12
11131233	0	11
11131311	0	7
11131312	0	11
11131313	0	10
11131321	0	12
11131322	0	16
11131323	0	15
11131331	0	9
11131332	0	13
11131333	0	12
11132111	0	7
11132112	0	11
11132113	0	10
11132121	0	12
11132122	0	16
11132123	0	15
11132131	0	9
11132132	0	13
11132133	0	12
11132211	0	11
11132212	0	15
11132213	0	14
11132221	0	16
11132222	0	20
11132223	0	19
11132231	0	13
11132232	0	17
11132233	0	16
11132311	0	12
11132312	0	16
11132313	0	15
11132321	0	17
11132322	0	21
11132323	0	20
11132331	0	14
11132332	0	18
11132333	0	17
11133111	0	6
11133112	0	10
11133113	0	9
11133121	0	11
11133122	0	15
11133123	0	14
11133131	0	8
11133132	0	12
11133133	0	11
11133211	0	10
11133212	0	14
11133213	0	13
11133221	0	15
11133222	0	19
11133223	0	18
11133231	0	12
11133232	0	16
11133233	0	15
11133311	0	11
11133312	0	15
11133313	0	14
11133321	0	16
11133322	0	20
11133323	0	19
11133331	0	13
11133332	0	17
11133333	0	16
11211111	1	22
11211112	1	18
11211113	1	23
11211121	1	17
11211122	1	13
11211123	1	18
11211131	1	22
11211132	1	18
11211133	1	23
11211211	1	18
11211212	1	14
11211213	1	19
11211221	1	13
11211222	1	9
11211223	1	14
11211231	1	18
11211232	1	14
11211233	1	19
11211311	1	23
11211312	1	19
11211313	1	24
11211321	1	18
11211322	1	14
11211323	1	19
11211331	1	23
11211332	1	19
11211333	1	24
11212111	1	17
11212112	1	13
11212113	1	18
11212121	1	12
11212122	1	8
11212123	1	13
11212131	1	17
11212132	1	13
11212133	1	18
11212211	1	13
11212212	1	9
11212213	1	14
11212221	1	8
11212222	1	4
11212223	1	9
11212231	1	13
11212232	1	9
11212233	1	14
11212311	1	18
11212312	1	14
11212313	1	19
11212321	1	13
11212322	1	9
11212323	1	14
11212331	1	18
11212332	1	14
11212333	1	19
11213111	1	22
11213112	1	18
11213113	1	23
11213121	1	17
11213122	1	13
11213123	1	18
11213131	1	22
11213132	1	18
11213133	1	23
11213211	1	18
11213212	1	14
11213213	1	19
11213221	1	13
11213222	1	9
11213223	1	14
11213231	1	18
11213232	1	14
11213233	1	19
11213311	1	23
11213312	1	19
11213313	1	24
11213321	1	18
11213322	1	14
11213323	1	19
11213331	1	23
11213332	1	19
11213333	1	24
11221111	0	18
11221112	0	14
11221113	0	19
11221121	0	13
11221122	0	9
11221123	0	14
11221131	0	18
11221132	0	14
11221133	0	19
11221211	0	14
11221212	0	10
11221213	0	15
11221221	0	9
11221222	0	5
11221223	0	10
11221231	0	14
11221232	0	10
11221233	0	15
11221311	0	19
11221312	0	15
11221313	0	20
11221321	0	14
11221322	0	10
11221323	0	15
11221331	0	19
11221332	0	15
11221333	0	20
11222111	0	13
11222112	0	9
11222113	0	14
11222121	0	8
11222122	0	4
11222123	0	9
11222131	0	13
11222132	0	9
11222133	0	14
11222211	0	9
11222212	0	5
11222213	0	10
11222221	0	4
11222222	0	0
11222223	0	5
11222231	0	9
11222232	0	5
11222233	0	10
11222311	0	14
11222312	0	10
11222313	0	15
11222321	0	9
11222322	0	5
11222323	0	10
11222331	0	14
11222332	0	10
11222333	0	15
11223111	0	18
11223112	0	14
11223113	0	19
11223121	0	13
11223122	0	9
11223123	0	14
11223131	0	18
11223132	0	14
11223133	0	19
11223211	0	14
11223212	0	10
11223213	0	15
11223221	0	9
11223222	0	5
11223223	0	10
11223231	0	14
11223232	0	10
11223233	0	15
11223311	0	19
11223312	0	15
11223313	0	20
11223321	0	14
11223322	0	10
11223323	0	15
11223331	0	19
11223332	0	15
11223333	0	20
11231111	1	23
11231112	1	19
11231113	1	24
11231121	1	18
11231122	1	14
11231123	1	19
11231131	1	23
11231132	1	19
11231133	1	24
11231211	1	19
11231212	1	15
11231213	1	20
11231221	1	14
11231222	1	10
11231223	1	15
11231231	1	19
11231232	1	15
11231233	1	20
11231311	1	24
11231312	1	20
11231313	1	25
11231321	1	19
11231322	1	15
11231323	1	20
11231331	1	24
11231332	1	20
11231333	1	25
11232111	1	18
11232112	1	14
11232113	1	19
11232121	1	13
11232122	1	9
11232123	1	14
11232131	1	18
11232132	1	14
11232133	1	19
11232211	1	14
11232212	1	10
11232213	1	15
11232221	1	9
11232222	1	5
11232223	1	10
11232231	1	14
11232232	1	10
11232233	1	15
11232311	1	19
11232312	1	15
11232313	1	20
11232321	1	14
11232322	1	10
11232323	1	15
11232331	1	19
11232332	1	15
11232333	1	20
11233111	1	23
11233112	1	19
11233113	1	24
11233121	1	18
11233122	1	14
11233123	1	19
11233131	1	23
11233132	1	19
11233133	1	24
11233211	1	19
11233212	1	15
11233213	1	20
11233221	1	14
11233222	1	10
11233223	1	15
11233231	1	19
11233232	1	15
11233233	1	20
11233311	1	24
11233312	1	20
11233313	1	25
11233321	1	19
11233322	1	15
11233323	1	20
11233331	1	24
11233332	1	20
11233333	1	25
11311111	7	26
11311112	7	28
11311113	7	23
11311121	7	29
11311122	7	31
11311123	7	26
11311131	7	24
11311132	7	26
11311133	7	21
11311211	7	26
11311212	7	28
11311213	7	23
11311221	7	29
11311222	7	31
11311223	7	26
11311231	7	24
11311232	7	26
11311233	7	21
11311311	7	21
11311312	7	23
11311313	7	18
11311321	7	24
11311322	7	26
11311323	7	21
11311331	7	19
11311332	7	21
11311333	7	16
11312111	7	27
11312112	7	29
11312113	7	24
11312121	7	30
11312122	7	32
11312123	7	27
11312131	7	25
11312132	7	27
11312133	7	22
11312211	7	27
11312212	7	29
11312213	7	24
11312221	7	30
11312222	7	32
11312223	7	27
11312231	7	25
11312232	7	27
11312233	7	22
11312311	7	22
11312312	7	24
11312313	7	19
11312321	7	25
11312322	7	27
11312323	7	22
11312331	7	20
11312332	7	22
11312333	7	17
11313111	7	22
11313112	7	24
11313113	7	19
11313121	7	25
11313122	7	27
11313123	7	22
11313131	7	20
11313132	7	22
11313133	7	17
11313211	7	22
11313212	7	24
11313213	7	19
11313221	7	25
11313222	7	27
11313223	7	22
11313231	7	20
11313232	7	22
11313233	7	17
11313311	7	17
11313312	7	19
11313313	7	14
11313321	7	20
11313322	7	22
11313323	7	17
11313331	7	15
11313332	7	17
11313333	7	12
11321111	8	29
11321112	8	31
11321113	8	26
11321121	8	32
11321122	8	34
11321123	8	29
11321131	8	27
11321132	8	29
11321133	8	24
11321211	8	29
11321212	8	31
11321213	8	26
11321221	8	32
11321222	8	34
11321223	8	29
11321231	8	27
11321232	8	29
11321233	8	24
11321311	8	24
11321312	8	26
11321313	8	21
11321321	8	27
11321322	8	29
11321323	8	24
11321331	8	22
11321332	8	24
11321333	8	19
11322111	8	30
11322112	8	32
11322113	8	27
11322121	8	33
11322122	8	35
11322123	8	30
11322131	8	28
11322132	8	30
11322133	8	25
11322211	8	30
11322212	8	32
11322213	8	27
11322221	8	33
11322222	8	35
11322223	8	30
11322231	8	28
11322232	8	30
11322233	8	25
11322311	8	25
11322312	8	27
11322313	8	22
11322321	8	28
11322322	8	30
11322323	8	25
11322331	8	23
11322332	8	25
11322333	8	20
11323111	8	25
11323112	8	27
11323113	8	22
11323121	8	28
11323122	8	30
11323123	8	25
11323131	8	23
11323132	8	25
11323133	8	20
11323211	8	25
11323212	8	27
11323213	8	22
11323221	8	28
11323222	8	30
11323223	8	25
11323231	8	23
11323232	8	25
11323233	8	20
11323311	8	20
11323312	8	22
11323313	8	17
11323321	8	23
11323322	8	25
11323323	8	20
11323331	8	18
11323332	8	20
11323333	8	15
11331111	7	24
11331112	7	26
11331113	7	21
11331121	7	27
11331122	7	29
11331123	7	24
11331131	7	22
11331132	7	24
11331133	7	19
11331211	7	24
11331212	7	26
11331213	7	21
11331221	7	27
11331222	7	29
11331223	7	24
11331231	7	22
11331232	7	24
11331233	7	19
11331311	7	19
11331312	7	21
11331313	7	16
11331321	7	22
11331322	7	24
11331323	7	19
11331331	7	17
11331332	7	19
11331333	7	14
11332111	7	25
11332112	7	27
11332113	7	22
11332121	7	28
11332122	7	30
11332123	7	25
11332131	7	23
11332132	7	25
11332133	7	20
11332211	7	25
11332212	7	27
11332213	7	22
11332221	7	28
11332222	7	30
11332223	7	25
11332231	7	23
11332232	7	25
11332233	7	20
11332311	7	20
11332312	7	22
11332313	7	17
11332321	7	23
11332322	7	25
11332323	7	20
11332331	7	18
11332332	7	20
11332333	7	15
11333111	7	20
11333112	7	22
11333113	7	17
11333121	7	23
11333122	7	25
11333123	7	20
11333131	7	18
11333132	7	20
11333133	7	15
11333211	7	20
11333212	7	22
11333213	7	17
11333221	7	23
11333222	7	25
11333223	7	20
11333231	7	18
11333232	7	20
11333233	7	15
11333311	7	15
11333312	7	17
11333313	7	12
11333321	7	18
11333322	7	20
11333323	7	15
11333331	7	13
11333332	7	15
11333333	7	10
12111111	0	0
12111112	0	4
12111113	0	3
12111121	0	5
12111122	0	9
12111123	0	8
12111131	0	2
12111132	0	6
12111133	0	5
12111211	0	4
12111212	0	8
12111213	0	7
12111221	0	9
12111222	0	13
12111223	0	12
12111231	0	6
12111232	0	10
12111233	0	9
12111311	0	5
12111312	0	9
12111313	0	8
12111321	0	10
12111322	0	14
12111323	0	13
12111331	0	7
12111332	0	11
12111333	0	10
12112111	0	5
12112112	0	9
12112113	0	8
12112121	0	10
12112122	0	14
12112123	0	13
12112131	0	7
12112132	0	11
12112133	0	10
12112211	0	9
12112212	0	13
12112213	0	12
12112221	0	14
12112222	0	18
12112223	0	17
12112231	0	11
12112232	0	15
12112233	0	14
12112311	0	10
12112312	0	14
12112313	0	13
12112321	0	15
12112322	0	19
12112323	0	18
12112331	0	12
12112332	0	16
12112333	0	15
12113111	0	4
12113112	0	8
12113113	0	7
12113121	0	9
12113122	0	13
12113123	0	12
12113131	0	6
12113132	0	10
12113133	0	9
12113211	0	8
12113212	0	12
12113213	0	11
12113221	0	13
12113222	0	17
12113223	0	16
12113231	0	10
12113232	0	14
12113233	0	13
12113311	0	9
12113312	0	13
12113313	0	12
12113321	0	14
12113322	0	18
12113323	0	17
12113331	0	11
12113332	0	15
12113333	0	14
12121111	1	4
12121112	1	8
12121113	1	7
12121121	1	9
12121122	1	13
12121123	1	12
12121131	1	6
12121132	1	10
12121133	1	9
12121211	1	8
12121212	1	12
12121213	1	11
12121221	1	13
12121222	1	17
12121223	1	16
12121231	1	10
12121232	1	14
12121233	1	13
12121311	1	9
12121312	1	13
12121313	1	12
12121321	1	14
12121322	1	18
12121323	1	17
12121331	1	11
12121332	1	15
12121333	1	14
12122111	1	9
12122112	1	13
12122113	1	12
12122121	1	14
12122122	1	18
12122123	1	17
12122131	1	11
12122132	1	15
12122133	1	14
12122211	1	13
12122212	1	17
12122213	1	16
12122221	1	18
12122222	1	22
12122223	1	21
12122231	1	15
12122232	1	19
12122233	1	18
12122311	1	14
12122312	1	18
12122313	1	17
12122321	1	19
12122322	1	23
12122323	1	22
12122331	1	16
12122332	1	20
12122333	1	19
12123111	1	8
12123112	1	12
12123113	1	11
12123121	1	13
12123122	1	17
12123123	1	16
12123131	1	10
12123132	1	14
12123133	1	13
12123211	1	12
12123212	1	16
12123213	1	15
12123221	1	17
12123222	1	21
12123223	1	20
12123231	1	14
12123232	1	18
12123233	1	17
12123311	1	13
12123312	1	17
12123313	1	16
12123321	1	18
12123322	1	22
12123323	1	21
12123331	1	15
12123332	1	19
12123333	1	18
12131111	0	2
12131112	0	6
12131113	0	5
12131121	0	7
12131122	0	11
12131123	0	10
12131131	0	4
12131132	0	8
12131133	0	7
12131211	0	6
12131212	0	10
12131213	0	9
12131221	0	11
12131222	0	15
12131223	0	14
12131231	0	8
12131232	0	12
12131233	0	11
12131311	0	7
12131312	0	11
12131313	0	10
12131321	0	12
12131322	0	16
12131323	0	15
12131331	0	9
12131332	0	13
12131333	0	12
12132111	0	7
12132112	0	11
12132113	0	10
12132121	0	12
12132122	0	16
12132123	0	15
12132131	0	9
12132132	0	13
12132133	0	12
12132211	0	11
12132212	0	15
12132213	0	14
12132221	0	16
12132222	0	20
12132223	0	19
12132231	0	13
12132232	0	17
12132233	0	16
12132311	0	12
12132312	0	16
12132313	0	15
12132321	0	17
12132322	0	21
12132323	0	20
12132331	0	14
12132332	0	18
12132333	0	17
12133111	0	6
12133112	0	10
12133113	0	9
12133121	0	11
12133122	0	15
12133123	0	14
12133131	0	8
12133132	0	12
12133133	0	11
12133211	0	10
12133212	0	14
12133213	0	13
12133221	0	15
12133222	0	19
12133223	0	18
12133231	0	12
12133232	0	16
12133233	0	15
12133311	0	11
12133312	0	15
12133313	0	14
12133321	0	16
12133322	0	20
12133323	0	19
12133331	0	13
12133332	0	17
12133333	0	16
12211111	1	22
12211112	1	18
12211113	1	23
12211121	1	17
12211122	1	13
12211123	1	18
12211131	1	22
12211132	1	18
12211133	1	23
12211211	1	18
12211212	1	14
12211213	1	19
12211221	1	13
12211222	1	9
12211223	1	14
12211231	1	18
12211232	1	14
12211233	1	19
12211311	1	23
12211312	1	19
12211313	1	24
12211321	1	18
12211322	1	14
12211323	1	19
12211331	1	23
12211332	1	19
12211333	1	24
12212111	1	17
12212112	1	13
12212113	1	18
12212121	1	12
12212122	1	8
12212123	1	13
12212131	1	17
12212132	1	13
12212133	1	18
12212211	1	13
12212212	1	9
12212213	1	14
12212221	1	8
12212222	1	4
12212223	1	9
12212231	1	13
12212232	1	9
12212233	1	14
12212311	1	18
12212312	1	14
12212313	1	19
12212321	1	13
12212322	1	9
12212323	1	14
12212331	1	18
12212332	1	14
12212333	1	19
12213111	1	22
12213112	1	18
12213113	1	23
12213121	1	17
12213122	1	13
12213123	1	18
12213131	1	22
12213132	1	18
12213133	1	23
12213211	1	18
12213212	1	14
12213213	1	19
12213221	1	13
12213222	1	9
12213223	1	14
12213231	1	18
12213232	1	14
12213233	1	19
12213311	1	23
12213312	1	19
12213313	1	24
12213321	1	18
12213322	1	14
12213323	1	19
12213331	1	23
12213332	1	19
12213333	1	24
12221111	0	18
12221112	0	14
12221113	0	19
12221121	0	13
12221122	0	9
12221123	0	14
12221131	0	18
12221132	0	14
12221133	0	19
12221211	0	14
12221212	0	10
12221213	0	15
12221221	0	9
12221222	0	5
12221223	0	10
12221231	0	14
12221232	0	10
12221233	0	15
12221311	0	19
12221312	0	15
12221313	0	20
12221321	0	14
12221322	0	10
12221323	0	15
12221331	0	19
12221332	0	15
12221333	0	20
12222111	0	13
12222112	0	9
12222113	0	14
12222121	0	8
12222122	0	4
12222123	0	9
12222131	0	13
12222132	0	9
12222133	0	14
12222211	0	9
12222212	0	5
12222213	0	10
12222221	0	4
12222222	0	0
12222223	0	5
12222231	0	9
12222232	0	5
12222233	0	10
12222311	0	14
12222312	0	10
12222313	0	15
12222321	0	9
12222322	0	5
12222323	0	10
12222331	0	14
12222332	0	10
12222333	0	15
12223111	0	18
12223112	0	14
12223113	0	19
12223121	0	13
12223122	0	9
12223123	0	14
12223131	0	18
12223132	0	14
12223133	0	19
12223211	0	14
12223212	0	10
12223213	0	15
12223221	0	9
12223222	0	5
12223223	0	10
12223231	0	14
12223232	0	10
12223233	0	15
12223311	0	19
12223312	0	15
12223313	0	20
12223321	0	14
12223322	0	10
12223323	0	15
12223331	0	19
12223332	0	15
12223333	0	20
12231111	1	23
12231112	1	19
12231113	1	24
12231121	1	18
12231122	1	14
12231123	1	19
12231131	1	23
12231132	1	19
12231133	1	24
12231211	1	19
12231212	1	15
12231213	1	20
12231221	1	14
12231222	1	10
12231223	1	15
12231231	1	19
12231232	1	15
12231233	1	20
12231311	1	24
12231312	1	20
12231313	1	25
12231321	1	19
12231322	1	15
12231323	1	20
12231331	1	24
12231332	1	20
12231333	1	25
12232111	1	18
12232112	1	14
12232113	1	19
12232121	1	13
12232122	1	9
12232123	1	14
12232131	1	18
12232132	1	14
12232133	1	19
12232211	1	14
12232212	1	10
12232213	1	15
12232221	1	9
12232222	1	5
12232223	1	10
12232231	1	14
12232232	1	10
12232233	1	15
12232311	1	19
12232312	1	15
12232313	1	20
12232321	1	14
12232322	1	10
12232323	1	15
12232331	1	19
12232332	1	15
12232333	1	20
12233111	1	23
12233112	1	19
12233113	1	24
12233121	1	18
12233122	1	14
12233123	1	19
12233131	1	23
12233132	1	19
12233133	1	24
12233211	1	19
12233212	1	15
12233213	1	20
12233221	1	14
12233222	1	10
12233223	1	15
12233231	1	19
12233232	1	15
12233233	1	20
12233311	1	24
12233312	1	20
12233313	1	25
12233321	1	19
12233322	1	15
12233323	1	20
12233331	1	24
12233332	1	20
12233333	1	25
12311111	7	26
12311112	7	28
12311113	7	23
12311121	7	29
12311122	7	31
12311123	7	26
12311131	7	24
12311132	7	26
12311133	7	21
12311211	7	26
12311212	7	28
12311213	7	23
12311221	7	29
12311222	7	31
12311223	7	26
12311231	7	24
12311232	7	26
12311233	7	21
12311311	7	21
12311312	7	23
12311313	7	18
12311321	7	24
12311322	7	26
12311323	7	21
12311331	7	19
12311332	7	21
12311333	7	16
12312111	7	27
12312112	7	29
12312113	7	24
12312121	7	30
12312122	7	32
12312123	7	27
12312131	7	25
12312132	7	27
12312133	7	22
12312211	7	27
12312212	7	29
12312213	7	24
12312221	7	30
12312222	7	32
12312223	7	27
12312231	7	25
12312232	7	27
12312233	7	22
12312311	7	22
12312312	7	24
12312313	7	19
12312321	7	25
12312322	7	27
12312323	7	22
12312331	7	20
12312332	7	22
12312333	7	17
12313111	7	22
12313112	7	24
12313113	7	19
12313121	7	25
12313122	7	27
12313123	7	22
12313131	7	20
12313132	7	22
12313133	7	17
12313211	7	22
12313212	7	24
12313213	7	19
12313221	7	25
12313222	7	27
12313223	7	22
12313231	7	20
12313232	7	22
12313233	7	17
12313311	7	17
12313312	7	19
12313313	7	14
12313321	7	20
12313322	7	22
12313323	7	17
12313331	7	15
12313332	7	17
12313333	7	12
12321111	8	29
12321112	8	31
12321113	8	26
12321121	8	32
12321122	8	34
12321123	8	29
12321131	8	27
12321132	8	29
12321133	8	24
12321211	8	29
12321212	8	31
12321213	8	26
12321221	8	32
12321222	8	34
12321223	8	29
12321231	8	27
12321232	8	29
12321233	8	24
12321311	8	24
12321312	8	26
12321313	8	21
12321321	8	27
12321322	8	29
12321323	8	24
12321331	8	22
12321332	8	24
12321333	8	19
12322111	8	30
12322112	8	32
12322113	8	27
12322121	8	33
12322122	8	35
12322123	8	30
12322131	8	28
12322132	8	30
12322133	8	25
12322211	8	30
12322212	8	32
12322213	8	27
12322221	8	33
12322222	8	35
12322223	8	30
12322231	8	28
12322232	8	30
12322233	8	25
12322311	8	25
12322312	8	27
12322313	8	22
12322321	8	28
12322322	8	30
12322323	8	25
12322331	8	23
12322332	8	25
12322333	8	20
12323111	8	25
12323112	8	27
12323113	8	22
12323121	8	28
12323122	8	30
12323123	8	25
12323131	8	23
12323132	8	25
12323133	8	20
12323211	8	25
12323212	8	27
12323213	8	22
12323221	8	28
12323222	8	30
12323223	8	25
12323231	8	23
12323232	8	25
12323233	8	20
12323311	8	20
12323312	8	22
12323313	8	17
12323321	8	23
12323322	8	25
12323323	8	20
12323331	8	18
12323332	8	20
12323333	8	15
12331111	7	24
12331112	7	26
12331113	7	21
12331121	7	27
12331122	7	29
12331123	7	24
12331131	7	22
12331132	7	24
12331133	7	19
12331211	7	24
12331212	7	26
12331213	7	21
12331221	7	27
12331222	7	29
12331223	7	24
12331231	7	22
12331232	7	24
12331233	7	19
12331311	7	19
12331312	7	21
12331313	7	16
12331321	7	22
12331322	7	24
12331323	7	19
12331331	7	17
12331332	7	19
12331333	7	14
12332111	7	25
12332112	7	27
12332113	7	22
12332121	7	28
12332122	7	30
12332123	7	25
12332131	7	23
12332132	7	25
12332133	7	20
12332211	7	25
12332212	7	27
12332213	7	22
12332221	7	28
12332222	7	30
12332223	7	25
12332231	7	23
12332232	7	25
12332233	7	20
12332311	7	20
12332312	7	22
12332313	7	17
12332321	7	23
12332322	7	25
12332323	7	20
12332331	7	18
12332332	7	20
12332333	7	15
12333111	7	20
12333112	7	22
12333113	7	17
12333121	7	23
12333122	7	25
12333123	7	20
12333131	7	18
12333132	7	20
12333133	7	15
12333211	7	20
12333212	7	22
12333213	7	17
12333221	7	23
12333222	7	25
12333223	7	20
12333231	7	18
12333232	7	20
12333233	7	15
12333311	7	15
12333312	7	17
12333313	7	12
12333321	7	18
12333322	7	20
12333323	7	15
12333331	7	13
12333332	7	15
12333333	7	10
13111111	7	5
13111112	7	9
13111113	7	8
13111121	7	10
13111122	7	14
13111123	7	13
13111131	7	7
13111132	7	11
13111133	7	10
13111211	7	9
13111212	7	13
13111213	7	12
13111221	7	14
13111222	7	18
13111223	7	17
13111231	7	11
13111232	7	15
13111233	7	14
13111311	7	10
13111312	7	14
13111313	7	13
13111321	7	15
13111322	7	19
13111323	7	18
13111331	7	12
13111332	7	16
13111333	7	15
13112111	7	10
13112112	7	14
13112113	7	13
13112121	7	15
13112122	7	19
13112123	7	18
13112131	7	12
13112132	7	16
13112133	7	15
13112211	7	14
13112212	7	18
13112213	7	17
13112221	7	19
13112222	7	23
13112223	7	22
13112231	7	16
13112232	7	20
13112233	7	19
13112311	7	15
13112312	7	19
13112313	7	18
13112321	7	20
13112322	7	24
13112323	7	23
13112331	7	17
13112332	7	21
13112333	7	20
13113111	7	9
13113112	7	13
13113113	7	12
13113121	7	14
13113122	7	18
13113123	7	17
13113131	7	11
13113132	7	15
13113133	7	14
13113211	7	13
13113212	7	17
13113213	7	16
13113221	7	18
13113222	7	22
13113223	7	21
13113231	7	15
13113232	7	19
13113233	7	18
13113311	7	14
13113312	7	18
13113313	7	17
13113321	7	19
13113322	7	23
13113323	7	22
13113331	7	16
13113332	7	20
13113333	7	19
13121111	8	9
13121112	8	13
13121113	8	12
13121121	8	14
13121122	8	18
13121123	8	17
13121131	8	11
13121132	8	15
13121133	8	14
13121211	8	13
13121212	8	17
13121213	8	16
13121221	8	18
13121222	8	22
13121223	8	21
13121231	8	15
13121232	8	19
13121233	8	18
13121311	8	14
13121312	8	18
13121313	8	17
13121321	8	19
13121322	8	23
13121323	8	22
13121331	8	16
13121332	8	20
13121333	8	19
13122111	8	14
13122112	8	18
13122113	8	17
13122121	8	19
13122122	8	23
13122123	8	22
13122131	8	16
13122132	8	20
13122133	8	19
13122211	8	18
13122212	8	22
13122213	8	21
13122221	8	23
13122222	8	27
13122223	8	26
13122231	8	20
13122232	8	24
13122233	8	23
13122311	8	19
13122312	8	23
13122313	8	22
13122321	8	24
13122322	8	28
13122323	8	27
13122331	8	21
13122332	8	25
13122333	8	24
13123111	8	13
13123112	8	17
13123113	8	16
13123121	8	18
13123122	8	22
13123123	8	21
13123131	8	15
13123132	8	19
13123133	8	18
13123211	8	17
13123212	8	21
13123213	8	20
13123221	8	22
13123222	8	26
13123223	8	25
13123231	8	19
13123232	8	23
13123233	8	22
13123311	8	18
13123312	8	22
13123313	8	21
13123321	8	23
13123322	8	27
13123323	8	26
13123331	8	20
13123332	8	24
13123333	8	23
13131111	7	7
13131112	7	11
13131113	7	10
13131121	7	12
13131122	7	16
13131123	7	15
13131131	7	9
13131132	7	13
13131133	7	12
13131211	7	11
13131212	7	15
13131213	7	14
13131221	7	16
13131222	7	20
13131223	7	19
13131231	7	13
13131232	7	17
13131233	7	16
13131311	7	12
13131312	7	16
13131313	7	15
13131321	7	17
13131322	7	21
13131323	7	20
13131331	7	14
13131332	7	18
13131333	7	17
13132111	7	12
13132112	7	16
13132113	7	15
13132121	7	17
13132122	7	21
13132123	7	20
13132131	7	14
13132132	7	18
13132133	7	17
13132211	7	16
13132212	7	20
13132213	7	19
13132221	7	21
13132222	7	25
13132223	7	24
13132231	7	18
13132232	7	22
13132233	7	21
13132311	7	17
13132312	7	21
13132313	7	20
13132321	7	22
13132322	7	26
13132323	7	25
13132331	7	19
13132332	7	23
13132333	7	22
13133111	7	11
13133112	7	15
13133113	7	14
13133121	7	16
13133122	7	20
13133123	7	19
13133131	7	13
13133132	7	17
13133133	7	16
13133211	7	15
13133212	7	19
13133213	7	18
13133221	7	20
13133222	7	24
13133223	7	23
13133231	7	17
13133232	7	21
13133233	7	20
13133311	7	16
13133312	7	20
13133313	7	19
13133321	7	21
13133322	7	25
13133323	7	24
13133331	7	18
13133332	7	22
13133333	7	21
13211111	11	27
13211112	11	23
13211113	11	28
13211121	11	22
13211122	11	18
13211123	11	23
13211131	11	27
13211132	11	23
13211133	11	28
13211211	11	23
13211212	11	19
13211213	11	24
13211221	11	18
13211222	11	14
13211223	11	19
13211231	11	23
13211232	11	19
13211233	11	24
13211311	11	28
13211312	11	24
13211313	11	29
13211321	11	23
13211322	11	19
13211323	11	24
13211331	11	28
13211332	11	24
13211333	11	29
13212111	11	22
13212112	11	18
13212113	11	23
13212121	11	17
13212122	11	13
13212123	11	18
13212131	11	22
13212132	11	18
13212133	11	23
13212211	11	18
13212212	11	14
13212213	11	19
13212221	11	13
13212222	11	9
13212223	11	14
13212231	11	18
13212232	11	14
13212233	11	19
13212311	11	23
13212312	11	19
13212313	11	24
13212321	11	18
13212322	11	14
13212323	11	19
13212331	11	23
13212332	11	19
13212333	11	24
13213111	11	27
13213112	11	23
13213113	11	28
13213121	11	22
13213122	11	18
13213123	11	23
13213131	11	27
13213132	11	23
13213133	11	28
13213211	11	23
13213212	11	19
13213213	11	24
13213221	11	18
13213222	11	14
13213223	11	19
13213231	11	23
13213232	11	19
13213233	11	24
13213311	11	28
13213312	11	24
13213313	11	29
13213321	11	23
13213322	11	19
13213323	11	24
13213331	11	28
13213332	11	24
13213333	11	29
13221111	10	23
13221112	10	19
13221113	10	24
13221121	10	18
13221122	10	14
13221123	10	19
13221131	10	23
13221132	10	19
13221133	10	24
13221211	10	19
13221212	10	15
13221213	10	20
13221221	10	14
13221222	10	10
13221223	10	15
13221231	10	19
13221232	10	15
13221233	10	20
13221311	10	24
13221312	10	20
13221313	10	25
13221321	10	19
13221322	10	15
13221323	10	20
13221331	10	24
13221332	10	20
13221333	10	25
13222111	10	18
13222112	10	14
13222113	10	19
13222121	10	13
13222122	10	9
13222123	10	14
13222131	10	18
13222132	10	14
13222133	10	19
13222211	10	14
13222212	10	10
13222213	10	15
13222221	10	9
13222222	10	5
13222223	10	10
13222231	10	14
13222232	10	10
13222233	10	15
13222311	10	19
13222312	10	15
13222313	10	20
13222321	10	14
13222322	10	10
13222323	10	15
13222331	10	19
13222332	10	15
13222333	10	20
13223111	10	23
13223112	10	19
13223113	10	24
13223121	10	18
13223122	10	14
13223123	10	19
13223131	10	23
13223132	10	19
13223133	10	24
13223211	10	19
13223212	10	15
13223213	10	20
13223221	10	14
13223222	10	10
13223223	10	15
13223231	10	19
13223232	10	15
13223233	10	20
13223311	10	24
13223312	10	20
13223313	10	25
13223321	10	19
13223322	10	15
13223323	10	20
13223331	10	24
13223332	10	20
13223333	10	25
13231111	11	28
13231112	11	24
13231113	11	29
13231121	11	23
13231122	11	19
13231123	11	24
13231131	11	28
13231132	11	24
13231133	11	29
13231211	11	24
13231212	11	20
13231213	11	25
13231221	11	19
13231222	11	15
13231223	11	20
13231231	11	24
13231232	11	20
13231233	11	25
13231311	11	29
13231312	11	25
13231313	11	30
13231321	11	24
13231322	11	20
13231323	11	25
13231331	11	29
13231332	11	25
13231333	11	30
13232111	11	23
13232112	11	19
13232113	11	24
13232121	11	18
13232122	11	14
13232123	11	19
13232131	11	23
13232132	11	19
13232133	11	24
13232211	11	19
13232212	11	15
13232213	11	20
13232221	11	14
13232222	11	10
13232223	11	15
13232231	11	19
13232232	11	15
13232233	11	20
13232311	11	24
13232312	11	20
13232313	11	25
13232321	11	19
13232322	11	15
13232323	11	20
13232331	11	24
13232332	11	20
13232333	11	25
13233111	11	28
13233112	11	24
13233113	11	29
13233121	11	23
13233122	11	19
13233123	11	24
13233131	11	28
13233132	11	24
13233133	11	29
13233211	11	24
13233212	11	20
13233213	11	25
13233221	11	19
13233222	11	15
13233223	11	20
13233231	11	24
13233232	11	20
13233233	11	25
13233311	11	29
13233312	11	25
13233313	11	30
13233321	11	24
13233322	11	20
13233323	11	25
13233331	11	29
13233332	11	25
13233333	11	30
13311111	0	21
13311112	0	23
13311113	0	18
13311121	0	24
13311122	0	26
13311123	0	21
13311131	0	19
13311132	0	21
13311133	0	16
13311211	0	21
13311212	0	23
13311213	0	18
13311221	0	24
13311222	0	26
13311223	0	21
13311231	0	19
13311232	0	21
13311233	0	16
13311311	0	16
13311312	0	18
13311313	0	13
13311321	0	19
13311322	0	21
13311323	0	16
13311331	0	14
13311332	0	16
13311333	0	11
13312111	0	22
13312112	0	24
13312113	0	19
13312121	0	25
13312122	0	27
13312123	0	22
13312131	0	20
13312132	0	22
13312133	0	17
13312211	0	22
13312212	0	24
13312213	0	19
13312221	0	25
13312222	0	27
13312223	0	22
13312231	0	20
13312232	0	22
13312233	0	17
13312311	0	17
13312312	0	19
13312313	0	14
13312321	0	20
13312322	0	22
13312323	0	17
13312331	0	15
13312332	0	17
13312333	0	12
13313111	0	17
13313112	0	19
13313113	0	14
13313121	0	20
13313122	0	22
13313123	0	17
13313131	0	15
13313132	0	17
13313133	0	12
13313211	0	17
13313212	0	19
13313213	0	14
13313221	0	20
13313222	0	22
13313223	0	17
13313231	0	15
13313232	0	17
13313233	0	12
13313311	0	12
13313312	0	14
13313313	0	9
13313321	0	15
13313322	0	17
13313323	0	12
13313331	0	10
13313332	0	12
13313333	0	7
13321111	1	24
13321112	1	26
13321113	1	21
13321121	1	27
13321122	1	29
13321123	1	24
13321131	1	22
13321132	1	24
13321133	1	19
13321211	1	24
13321212	1	26
13321213	1	21
13321221	1	27
13321222	1	29
13321223	1	24
13321231	1	22
13321232	1	24
13321233	1	19
13321311	1	19
13321312	1	21
13321313	1	16
13321321	1	22
13321322	1	24
13321323	1	19
13321331	1	17
13321332	1	19
13321333	1	14
13322111	1	25
13322112	1	27
13322113	1	22
13322121	1	28
13322122	1	30
13322123	1	25
13322131	1	23
13322132	1	25
13322133	1	20
13322211	1	25
13322212	1	27
13322213	1	22
13322221	1	28
13322222	1	30
13322223	1	25
13322231	1	23
13322232	1	25
13322233	1	20
13322311	1	20
13322312	1	22
13322313	1	17
13322321	1	23
13322322	1	25
13322323	1	20
13322331	1	18
13322332	1	20
13322333	1	15
13323111	1	20
13323112	1	22
13323113	1	17
13323121	1	23
13323122	1	25
13323123	1	20
13323131	1	18
13323132	1	20
13323133	1	15
13323211	1	20
13323212	1	22
13323213	1	17
13323221	1	23
13323222	1	25
13323223	1	20
13323231	1	18
13323232	1	20
13323233	1	15
13323311	1	15
13323312	1	17
13323313	1	12
13323321	1	18
13323322	1	20
13323323	1	15
13323331	1	13
13323332	1	15
13323333	1	10
13331111	0	19
13331112	0	21
13331113	0	16
13331121	0	22
13331122	0	24
13331123	0	19
13331131	0	17
13331132	0	19
13331133	0	14
13331211	0	19
13331212	0	21
13331213	0	16
13331221	0	22
13331222	0	24
13331223	0	19
13331231	0	17
13331232	0	19
13331233	0	14
13331311	0	14
13331312	0	16
13331313	0	11
13331321	0	17
13331322	0	19
13331323	0	14
13331331	0	12
13331332	0	14
13331333	0	9
13332111	0	20
13332112	0	22
13332113	0	17
13332121	0	23
13332122	0	25
13332123	0	20
13332131	0	18
13332132	0	20
13332133	0	15
13332211	0	20
13332212	0	22
13332213	0	17
13332221	0	23
13332222	0	25
13332223	0	20
13332231	0	18
13332232	0	20
13332233	0	15
13332311	0	15
13332312	0	17
13332313	0	12
13332321	0	18
13332322	0	20
13332323	0	15
13332331	0	13
13332332	0	15
13332333	0	10
13333111	0	15
13333112	0	17
13333113	0	12
13333121	0	18
13333122	0	20
13333123	0	15
13333131	0	13
13333132	0	15
13333133	0	10
13333211	0	15
13333212	0	17
13333213	0	12
13333221	0	18
13333222	0	20
13333223	0	15
13333231	0	13
13333232	0	15
13333233	0	10
13333311	0	10
13333312	0	12
13333313	0	7
13333321	0	13
13333322	0	15
13333323	0	10
13333331	0	8
13333332	0	10
13333333	0	5
21111111	0	0
21111112	0	4
21111113	0	3
21111121	0	5
21111122	0	9
21111123	0	8
21111131	0	2
21111132	0	6
21111133	0	5
21111211	0	4
21111212	0	8
21111213	0	7
21111221	0	9
21111222	0	13
21111223	0	12
21111231	0	6
21111232	0	10
21111233	0	9
21111311	0	5
21111312	0	9
21111313	0	8
21111321	0	10
21111322	0	14
21111323	0	13
21111331	0	7
21111332	0	11
21111333	0	10
21112111	0	5
21112112	0	9
21112113	0	8
21112121	0	10
21112122	0	14
21112123	0	13
21112131	0	7
21112132	0	11
21112133	0	10
21112211	0	9
21112212	0	13
21112213	0	12
21112221	0	14
21112222	0	18
21112223	0	17
21112231	0	11
21112232	0	15
21112233	0	14
21112311	0	10
21112312	0	14
21112313	0	13
21112321	0	15
21112322	0	19
21112323	0	18
21112331	0	12
21112332	0	16
21112333	0	15
21113111	0	4
21113112	0	8
21113113	0	7
21113121	0	9
21113122	0	13
21113123	0	12
21113131	0	6
21113132	0	10
21113133	0	9
21113211	0	8
21113212	0	12
21113213	0	11
21113221	0	13
21113222	0	17
21113223	0	16
21113231	0	10
21113232	0	14
21113233	0	13
21113311	0	9
21113312	0	13
21113313	0	12
21113321	0	14
21113322	0	18
21113323	0	17
21113331	0	11
21113332	0	15
21113333	0	14
21121111	1	4
21121112	1	8
21121113	1	7
21121121	1	9
21121122	1	13
21121123	1	12
21121131	1	6
21121132	1	10
21121133	1	9
21121211	1	8
21121212	1	12
21121213	1	11
21121221	1	13
21121222	1	17
21121223	1	16
21121231	1	10
21121232	1	14
21121233	1	13
21121311	1	9
21121312	1	13
21121313	1	12
21121321	1	14
21121322	1	18
21121323	1	17
21121331	1	11
21121332	1	15
21121333	1	14
21122111	1	9
21122112	1	13
21122113	1	12
21122121	1	14
21122122	1	18
21122123	1	17
21122131	1	11
21122132	1	15
21122133	1	14
21122211	1	13
21122212	1	17
21122213	1	16
21122221	1	18
21122222	1	22
21122223	1	21
21122231	1	15
21122232	1	19
21122233	1	18
21122311	1	14
21122312	1	18
21122313	1	17
21122321	1	19
21122322	1	23
21122323	1	22
21122331	1	16
21122332	1	20
21122333	1	19
21123111	1	8
21123112	1	12
21123113	1	11
21123121	1	13
21123122	1	17
21123123	1	16
21123131	1	10
21123132	1	14
21123133	1	13
21123211	1	12
21123212	1	16
21123213	1	15
21123221	1	17
21123222	1	21
21123223	1	20
21123231	1	14
21123232	1	18
21123233	1	17
21123311	1	13
21123312	1	17
21123313	1	16
21123321	1	18
21123322	1	22
21123323	1	21
21123331	1	15
21123332	1	19
21123333	1	18
21131111	0	2
21131112	0	6
21131113	0	5
21131121	0	7
21131122	0	11
21131123	0	10
21131131	0	4
21131132	0	8
21131133	0	7
21131211	0	6
21131212	0	10
21131213	0	9
21131221	0	11
21131222	0	15
21131223	0	14
21131231	0	8
21131232	0	12
21131233	0	11
21131311	0	7
21131312	0	11
21131313	0	10
21131321	0	12
21131322	0	16
21131323	0	15
21131331	0	9
21131332	0	13
21131333	0	12
21132111	0	7
21132112	0	11
21132113	0	10
21132121	0	12
21132122	0	16
21132123	0	15
21132131	0	9
21132132	0	13
21132133	0	12
21132211	0	11
21132212	0	15
21132213	0	14
21132221	0	16
21132222	0	20
21132223	0	19
21132231	0	13
21132232	0	17
21132233	0	16
21132311	0	12
21132312	0	16
21132313	0	15
21132321	0	17
21132322	0	21
21132323	0	20
21132331	0	14
21132332	0	18
21132333	0	17
21133111	0	6
21133112	0	10
21133113	0	9
21133121	0	11
21133122	0	15
21133123	0	14
21133131	0	8
21133132	0	12
21133133	0	11
21133211	0	10
21133212	0	14
21133213	0	13
21133221	0	15
21133222	0	19
21133223	0	18
21133231	0	12
21133232	0	16
21133233	0	15
21133311	0	11
21133312	0	15
21133313	0	14
21133321	0	16
21133322	0	20
21133323	0	19
21133331	0	13
21133332	0	17
21133333	0	16
21211111	1	22
21211112	1	18
21211113	1	23
21211121	1	17
21211122	1	13
21211123	1	18
21211131	1	22
21211132	1	18
21211133	1	23
21211211	1	18
21211212	1	14
21211213	1	19
21211221	1	13
21211222	1	9
21211223	1	14
21211231	1	18
21211232	1	14
21211233	1	19
21211311	1	23
21211312	1	19
21211313	1	24
21211321	1	18
21211322	1	14
21211323	1	19
21211331	1	23
21211332	1	19
21211333	1	24
21212111	1	17
21212112	1	13
21212113	1	18
21212121	1	12
21212122	1	8
21212123	1	13
21212131	1	17
21212132	1	13
21212133	1	18
21212211	1	13
21212212	1	9
21212213	1	14
21212221	1	8
21212222	1	4
21212223	1	9
21212231	1	13
21212232	1	9
21212233	1	14
21212311	1	18
21212312	1	14
21212313	1	19
21212321	1	13
21212322	1	9
21212323	1	14
21212331	1	18
21212332	1	14
21212333	1	19
21213111	1	22
21213112	1	18
21213113	1	23
21213121	1	17
21213122	1	13
21213123	1	18
21213131	1	22
21213132	1	18
21213133	1	23
21213211	1	18
21213212	1	14
21213213	1	19
21213221	1	13
21213222	1	9
21213223	1	14
21213231	1	18
21213232	1	14
21213233	1	19
21213311	1	23
21213312	1	19
21213313	1	24
21213321	1	18
21213322	1	14
21213323	1	19
21213331	1	23
21213332	1	19
21213333	1	24
21221111	0	18
21221112	0	14
21221113	0	19
21221121	0	13
21221122	0	9
21221123	0	14
21221131	0	18
21221132	0	14
21221133	0	19
21221211	0	14
21221212	0	10
21221213	0	15
21221221	0	9
21221222	0	5
21221223	0	10
21221231	0	14
21221232	0	10
21221233	0	15
21221311	0	19
21221312	0	15
21221313	0	20
21221321	0	14
21221322	0	10
21221323	0	15
21221331	0	19
21221332	0	15
21221333	0	20
21222111	0	13
21222112	0	9
21222113	0	14
21222121	0	8
21222122	0	4
21222123	0	9
21222131	0	13
21222132	0	9
21222133	0	14
21222211	0	9
21222212	0	5
21222213	0	10
21222221	0	4
21222222	0	0
21222223	0	5
21222231	0	9
21222232	0	5
21222233	0	10
21222311	0	14
21222312	0	10
21222313	0	15
21222321	0	9
21222322	0	5
21222323	0	10
21222331	0	14
21222332	0	10
21222333	0	15
21223111	0	18
21223112	0	14
21223113	0	19
21223121	0	13
21223122	0	9
21223123	0	14
21223131	0	18
21223132	0	14
21223133	0	19
21223211	0	14
21223212	0	10
21223213	0	15
21223221	0	9
21223222	0	5
21223223	0	10
21223231	0	14
21223232	0	10
21223233	0	15
21223311	0	19
21223312	0	15
21223313	0	20
21223321	0	14
21223322	0	10
21223323	0	15
21223331	0	19
21223332	0	15
21223333	0	20
21231111	1	23
21231112	1	19
21231113	1	24
21231121	1	18
21231122	1	14
21231123	1	19
21231131	1	23
21231132	1	19
21231133	1	24
21231211	1	19
21231212	1	15
21231213	1	20
21231221	1	14
21231222	1	10
21231223	1	15
21231231	1	19
21231232	1	15
21231233	1	20
21231311	1	24
21231312	1	20
21231313	1	25
21231321	1	19
21231322	1	15
21231323	1	20
21231331	1	24
21231332	1	20
21231333	1	25
21232111	1	18
21232112	1	14
21232113	1	19
21232121	1	13
21232122	1	9
21232123	1	14
21232131	1	18
21232132	1	14
21232133	1	19
21232211	1	14
21232212	1	10
21232213	1	15
21232221	1	9
21232222	1	5
21232223	1	10
21232231	1	14
21232232	1	10
21232233	1	15
21232311	1	19
21232312	1	15
21232313	1	20
21232321	1	14
21232322	1	10
21232323	1	15
21232331	1	19
21232332	1	15
21232333	1	20
21233111	1	23
21233112	1	19
21233113	1	24
21233121	1	18
21233122	1	14
21233123	1	19
21233131	1	23
21233132	1	19
21233133	1	24
21233211	1	19
21233212	1	15
21233213	1	20
21233221	1	14
21233222	1	10
21233223	1	15
21233231	1	19
21233232	1	15
21233233	1	20
21233311	1	24
21233312	1	20
21233313	1	25
21233321	1	19
21233322	1	15
21233323	1	20
21233331	1	24
21233332	1	20
21233333	1	25
21311111	7	26
21311112	7	28
21311113	7	23
21311121	7	29
21311122	7	31
21311123	7	26
21311131	7	24
21311132	7	26
21311133	7	21
21311211	7	26
21311212	7	28
21311213	7	23
21311221	7	29
21311222	7	31
21311223	7	26
21311231	7	24
21311232	7	26
21311233	7	21
21311311	7	21
21311312	7	23
21311313	7	18
21311321	7	24
21311322	7	26
21311323	7	21
21311331	7	19
21311332	7	21
21311333	7	16
21312111	7	27
21312112	7	29
21312113	7	24
21312121	7	30
21312122	7	32
21312123	7	27
21312131	7	25
21312132	7	27
21312133	7	22
21312211	7	27
21312212	7	29
21312213	7	24
21312221	7	30
21312222	7	32
21312223	7	27
21312231	7	25
21312232	7	27
21312233	7	22
21312311	7	22
21312312	7	24
21312313	7	19
21312321	7	25
21312322	7	27
21312323	7	22
21312331	7	20
21312332	7	22
21312333	7	17
21313111	7	22
21313112	7	24
21313113	7	19
21313121	7	25
21313122	7	27
21313123	7	22
21313131	7	20
21313132	7	22
21313133	7	17
21313211	7	22
21313212	7	24
21313213	7	19
21313221	7	25
21313222	7	27
21313223	7	22
21313231	7	20
21313232	7	22
21313233	7	17
21313311	7	17
21313312	7	19
21313313	7	14
21313321	7	20
21313322	7	22
21313323	7	17
21313331	7	15
21313332	7	17
21313333	7	12
21321111	8	29
21321112	8	31
21321113	8	26
21321121	8	32
21321122	8	34
21321123	8	29
21321131	8	27
21321132	8	29
21321133	8	24
21321211	8	29
21321212	8	31
21321213	8	26
21321221	8	32
21321222	8	34
21321223	8	29
21321231	8	27
21321232	8	29
21321233	8	24
21321311	8	24
21321312	8	26
21321313	8	21
21321321	8	27
21321322	8	29
21321323	8	24
21321331	8	22
21321332	8	24
21321333	8	19
21322111	8	30
21322112	8	32
21322113	8	27
21322121	8	33
21322122	8	35
21322123	8	30
21322131	8	28
21322132	8	30
21322133	8	25
21322211	8	30
21322212	8	32
21322213	8	27
21322221	8	33
21322222	8	35
21322223	8	30
21322231	8	28
21322232	8	30
21322233	8	25
21322311	8	25
21322312	8	27
21322313	8	22
21322321	8	28
21322322	8	30
21322323	8	25
21322331	8	23
21322332	8	25
21322333	8	20
21323111	8	25
21323112	8	27
21323113	8	22
21323121	8	28
21323122	8	30
21323123	8	25
21323131	8	23
21323132	8	25
21323133	8	20
21323211	8	25
21323212	8	27
21323213	8	22
21323221	8	28
21323222	8	30
21323223	8	25
21323231	8	23
21323232	8	25
21323233	8	20
21323311	8	20
21323312	8	22
21323313	8	17
21323321	8	23
21323322	8	25
21323323	8	20
21323331	8	18
21323332	8	20
21323333	8	15
21331111	7	24
21331112	7	26
21331113	7	21
21331121	7	27
21331122	7	29
21331123	7	24
21331131	7	22
21331132	7	24
21331133	7	19
21331211	7	24
21331212	7	26
21331213	7	21
21331221	7	27
21331222	7	29
21331223	7	24
21331231	7	22
21331232	7	24
21331233	7	19
21331311	7	19
21331312	7	21
21331313	7	16
21331321	7	22
21331322	7	24
21331323	7	19
21331331	7	17
21331332	7	19
21331333	7	14
21332111	7	25
21332112	7	27
21332113	7	22
21332121	7	28
21332122	7	30
21332123	7	25
21332131	7	23
21332132	7	25
21332133	7	20
21332211	7	25
21332212	7	27
21332213	7	22
21332221	7	28
21332222	7	30
21332223	7	25
21332231	7	23
21332232	7	25
21332233	7	20
21332311	7	20
21332312	7	22
21332313	7	17
21332321	7	23
21332322	7	25
21332323	7	20
21332331	7	18
21332332	7	20
21332333	7	15
21333111	7	20
21333112	7	22
21333113	7	17
21333121	7	23
21333122	7	25
21333123	7	20
21333131	7	18
21333132	7	20
21333133	7	15
21333211	7	20
21333212	7	22
21333213	7	17
21333221	7	23
21333222	7	25
21333223	7	20
21333231	7	18
21333232	7	20
21333233	7	15
21333311	7	15
21333312	7	17
21333313	7	12
21333321	7	18
21333322	7	20
21333323	7	15
21333331	7	13
21333332	7	15
21333333	7	10
22111111	0	0
22111112	0	4
22111113	0	3
22111121	0	5
22111122	0	9
22111123	0	8
22111131	0	2
22111132	0	6
22111133	0	5
22111211	0	4
22111212	0	8
22111213	0	7
22111221	0	9
22111222	0	13
22111223	0	12
22111231	0	6
22111232	0	10
22111233	0	9
22111311	0	5
22111312	0	9
22111313	0	8
22111321	0	10
22111322	0	14
22111323	0	13
22111331	0	7
22111332	0	11
22111333	0	10
22112111	0	5
22112112	0	9
22112113	0	8
22112121	0	10
22112122	0	14
22112123	0	13
22112131	0	7
22112132	0	11
22112133	0	10
22112211	0	9
22112212	0	13
22112213	0	12
22112221	0	14
22112222	0	18
22112223	0	17
22112231	0	11
22112232	0	15
22112233	0	14
22112311	0	10
22112312	0	14
22112313	0	13
22112321	0	15
22112322	0	19
22112323	0	18
22112331	0	12
22112332	0	16
22112333	0	15
22113111	0	4
22113112	0	8
22113113	0	7
22113121	0	9
22113122	0	13
22113123	0	12
22113131	0	6
22113132	0	10
22113133	0	9
22113211	0	8
22113212	0	12
22113213	0	11
22113221	0	13
22113222	0	17
22113223	0	16
22113231	0	10
22113232	0	14
22113233	0	13
22113311	0	9
22113312	0	13
22113313	0	12
22113321	0	14
22113322	0	18
22113323	0	17
22113331	0	11
22113332	0	15
22113333	0	14
22121111	1	4
22121112	1	8
22121113	1	7
22121121	1	9
22121122	1	13
22121123	1	12
22121131	1	6
22121132	1	10
22121133	1	9
22121211	1	8
22121212	1	12
22121213	1	11
22121221	1	13
22121222	1	17
22121223	1	16
22121231	1	10
22121232	1	14
22121233	1	13
22121311	1	9
22121312	1	13
22121313	1	12
22121321	1	14
22121322	1	18
22121323	1	17
22121331	1	11
22121332	1	15
22121333	1	14
22122111	1	9
22122112	1	13
22122113	1	12
22122121	1	14
22122122	1	18
22122123	1	17
22122131	1	11
22122132	1	15
22122133	1	14
22122211	1	13
22122212	1	17
22122213	1	16
22122221	1	18
22122222	1	22
22122223	1	21
22122231	1	15
22122232	1	19
22122233	1	18
22122311	1	14
22122312	1	18
22122313	1	17
22122321	1	19
22122322	1	23
22122323	1	22
22122331	1	16
22122332	1	20
22122333	1	19
22123111	1	8
22123112	1	12
22123113	1	11
22123121	1	13
22123122	1	17
22123123	1	16
22123131	1	10
22123132	1	14
22123133	1	13
22123211	1	12
22123212	1	16
22123213	1	15
22123221	1	17
22123222	1	21
22123223	1	20
22123231	1	14
22123232	1	18
22123233	1	17
22123311	1	13
22123312	1	17
22123313	1	16
22123321	1	18
22123322	1	22
22123323	1	21
22123331	1	15
22123332	1	19
22123333	1	18
22131111	0	2
22131112	0	6
22131113	0	5
22131121	0	7
22131122	0	11
22131123	0	10
22131131	0	4
22131132	0	8
22131133	0	7
22131211	0	6
22131212	0	10
22131213	0	9
22131221	0	11
22131222	0	15
22131223	0	14
22131231	0	8
22131232	0	12
22131233	0	11
22131311	0	7
22131312	0	11
22131313	0	10
22131321	0	12
22131322	0	16
22131323	0	15
22131331	0	9
22131332	0	13
22131333	0	12
22132111	0	7
22132112	0	11
22132113	0	10
22132121	0	12
22132122	0	16
22132123	0	15
22132131	0	9
22132132	0	13
22132133	0	12
22132211	0	11
22132212	0	15
22132213	0	14
22132221	0	16
22132222	0	20
22132223	0	19
22132231	0	13
22132232	0	17
22132233	0	16
22132311	0	12
22132312	0	16
22132313	0	15
22132321	0	17
22132322	0	21
22132323	0	20
22132331	0	14
22132332	0	18
22132333	0	17
22133111	0	6
22133112	0	10
22133113	0	9
22133121	0	11
22133122	0	15
22133123	0	14
22133131	0	8
22133132	0	12
22133133	0	11
22133211	0	10
22133212	0	14
22133213	0	13
22133221	0	15
22133222	0	19
22133223	0	18
22133231	0	12
22133232	0	16
22133233	0	15
22133311	0	11
22133312	0	15
22133313	0	14
22133321	0	16
22133322	0	20
22133323	0	19
22133331	0	13
22133332	0	17
22133333	0	16
22211111	1	22
22211112	1	18
22211113	1	23
22211121	1	17
22211122	1	13
22211123	1	18
22211131	1	22
22211132	1	18
22211133	1	23
22211211	1	18
22211212	1	14
22211213	1	19
22211221	1	13
22211222	1	9
22211223	1	14
22211231	1	18
22211232	1	14
22211233	1	19
22211311	1	23
22211312	1	19
22211313	1	24
22211321	1	18
22211322	1	14
22211323	1	19
22211331	1	23
22211332	1	19
22211333	1	24
22212111	1	17
22212112	1	13
22212113	1	18
22212121	1	12
22212122	1	8
22212123	1	13
22212131	1	17
22212132	1	13
22212133	1	18
22212211	1	13
22212212	1	9
22212213	1	14
22212221	1	8
22212222	1	4
22212223	1	9
22212231	1	13
22212232	1	9
22212233	1	14
22212311	1	18
22212312	1	14
22212313	1	19
22212321	1	13
22212322	1	9
22212323	1	14
22212331	1	18
22212332	1	14
22212333	1	19
22213111	1	22
22213112	1	18
22213113	1	23
22213121	1	17
22213122	1	13
22213123	1	18
22213131	1	22
22213132	1	18
22213133	1	23
22213211	1	18
22213212	1	14
22213213	1	19
22213221	1	13
22213222	1	9
22213223	1	14
22213231	1	18
22213232	1	14
22213233	1	19
22213311	1	23
22213312	1	19
22213313	1	24
22213321	1	18
22213322	1	14
22213323	1	19
22213331	1	23
22213332	1	19
22213333	1	24
22221111	0	18
22221112	0	14
22221113	0	19
22221121	0	13
22221122	0	9
22221123	0	14
22221131	0	18
22221132	0	14
22221133	0	19
22221211	0	14
22221212	0	10
22221213	0	15
22221221	0	9
22221222	0	5
22221223	0	10
22221231	0	14
22221232	0	10
22221233	0	15
22221311	0	19
22221312	0	15
22221313	0	20
22221321	0	14
22221322	0	10
22221323	0	15
22221331	0	19
22221332	0	15
22221333	0	20
22222111	0	13
22222112	0	9
22222113	0	14
22222121	0	8
22222122	0	4
22222123	0	9
22222131	0	13
22222132	0	9
22222133	0	14
22222211	0	9
22222212	0	5
22222213	0	10
22222221	0	4
22222222	0	0
22222223	0	5
22222231	0	9
22222232	0	5
22222233	0	10
22222311	0	14
22222312	0	10
22222313	0	15
22222321	0	9
22222322	0	5
22222323	0	10
22222331	0	14
22222332	0	10
22222333	0	15
22223111	0	18
22223112	0	14
22223113	0	19
22223121	0	13
22223122	0	9
22223123	0	14
22223131	0	18
22223132	0	14
22223133	0	19
22223211	0	14
22223212	0	10
22223213	0	15
22223221	0	9
22223222	0	5
22223223	0	10
22223231	0	14
22223232	0	10
22223233	0	15
22223311	0	19
22223312	0	15
22223313	0	20
22223321	0	14
22223322	0	10
22223323	0	15
22223331	0	19
22223332	0	15
22223333	0	20
22231111	1	23
22231112	1	19
22231113	1	24
22231121	1	18
22231122	1	14
22231123	1	19
22231131	1	23
22231132	1	19
22231133	1	24
22231211	1	19
22231212	1	15
22231213	1	20
22231221	1	14
22231222	1	10
22231223	1	15
22231231	1	19
22231232	1	15
22231233	1	20
22231311	1	24
22231312	1	20
22231313	1	25
22231321	1	19
22231322	1	15
22231323	1	20
22231331	1	24
22231332	1	20
22231333	1	25
22232111	1	18
22232112	1	14
22232113	1	19
22232121	1	13
22232122	1	9
22232123	1	14
22232131	1	18
22232132	1	14
22232133	1	19
22232211	1	14
22232212	1	10
22232213	1	15
22232221	1	9
22232222	1	5
22232223	1	10
22232231	1	14
22232232	1	10
22232233	1	15
22232311	1	19
22232312	1	15
22232313	1	20
22232321	1	14
22232322	1	10
22232323	1	15
22232331	1	19
22232332	1	15
22232333	1	20
22233111	1	23
22233112	1	19
22233113	1	24
22233121	1	18
22233122	1	14
22233123	1	19
22233131	1	23
22233132	1	19
22233133	1	24
22233211	1	19
22233212	1	15
22233213	1	20
22233221	1	14
22233222	1	10
22233223	1	15
22233231	1	19
22233232	1	15
22233233	1	20
22233311	1	24
22233312	1	20
22233313	1	25
22233321	1	19
22233322	1	15
22233323	1	20
22233331	1	24
22233332	1	20
22233333	1	25
22311111	7	26
22311112	7	28
22311113	7	23
22311121	7	29
22311122	7	31
22311123	7	26
22311131	7	24
22311132	7	26
22311133	7	21
22311211	7	26
22311212	7	28
22311213	7	23
22311221	7	29
22311222	7	31
22311223	7	26
22311231	7	24
22311232	7	26
22311233	7	21
22311311	7	21
22311312	7	23
22311313	7	18
22311321	7	24
22311322	7	26
22311323	7	21
22311331	7	19
22311332	7	21
22311333	7	16
22312111	7	27
22312112	7	29
22312113	7	24
22312121	7	30
22312122	7	32
22312123	7	27
22312131	7	25
22312132	7	27
22312133	7	22
22312211	7	27
22312212	7	29
22312213	7	24
22312221	7	30
22312222	7	32
22312223	7	27
22312231	7	25
22312232	7	27
22312233	7	22
22312311	7	22
22312312	7	24
22312313	7	19
22312321	7	25
22312322	7	27
22312323	7	22
22312331	7	20
22312332	7	22
22312333	7	17
22313111	7	22
22313112	7	24
22313113	7	19
22313121	7	25
22313122	7	27
22313123	7	22
22313131	7	20
22313132	7	22
22313133	7	17
22313211	7	22
22313212	7	24
22313213	7	19
22313221	7	25
22313222	7	27
22313223	7	22
22313231	7	20
22313232	7	22
22313233	7	17
22313311	7	17
22313312	7	19
22313313	7	14
22313321	7	20
22313322	7	22
22313323	7	17
22313331	7	15
22313332	7	17
22313333	7	12
22321111	8	29
22321112	8	31
22321113	8	26
22321121	8	32
22321122	8	34
22321123	8	29
22321131	8	27
22321132	8	29
22321133	8	24
22321211	8	29
22321212	8	31
22321213	8	26
22321221	8	32
22321222	8	34
22321223	8	29
22321231	8	27
22321232	8	29
22321233	8	24
22321311	8	24
22321312	8	26
22321313	8	21
22321321	8	27
22321322	8	29
22321323	8	24
22321331	8	22
22321332	8	24
22321333	8	19
22322111	8	30
22322112	8	32
22322113	8	27
22322121	8	33
22322122	8	35
22322123	8	30
22322131	8	28
22322132	8	30
22322133	8	25
22322211	8	30
22322212	8	32
22322213	8	27
22322221	8	33
22322222	8	35
22322223	8	30
22322231	8	28
22322232	8	30
22322233	8	25
22322311	8	25
22322312	8	27
22322313	8	22
22322321	8	28
22322322	8	30
22322323	8	25
22322331	8	23
22322332	8	25
22322333	8	20
22323111	8	25
22323112	8	27
22323113	8	22
22323121	8	28
22323122	8	30
22323123	8	25
22323131	8	23
22323132	8	25
22323133	8	20
22323211	8	25
22323212	8	27
22323213	8	22
22323221	8	28
22323222	8	30
22323223	8	25
22323231	8	23
22323232	8	25
22323233	8	20
22323311	8	20
22323312	8	22
22323313	8	17
22323321	8	23
22323322	8	25
22323323	8	20
22323331	8	18
22323332	8	20
22323333	8	15
22331111	7	24
22331112	7	26
22331113	7	21
22331121	7	27
22331122	7	29
22331123	7	24
22331131	7	22
22331132	7	24
22331133	7	19
22331211	7	24
22331212	7	26
22331213	7	21
22331221	7	27
22331222	7	29
22331223	7	24
22331231	7	22
22331232	7	24
22331233	7	19
22331311	7	19
22331312	7	21
22331313	7	16
22331321	7	22
22331322	7	24
22331323	7	19
22331331	7	17
22331332	7	19
22331333	7	14
22332111	7	25
22332112	7	27
22332113	7	22
22332121	7	28
22332122	7	30
22332123	7	25
22332131	7	23
22332132	7	25
22332133	7	20
22332211	7	25
22332212	7	27
22332213	7	22
22332221	7	28
22332222	7	30
22332223	7	25
22332231	7	23
22332232	7	25
22332233	7	20
22332311	7	20
22332312	7	22
22332313	7	17
22332321	7	23
22332322	7	25
22332323	7	20
22332331	7	18
22332332	7	20
22332333	7	15
22333111	7	20
22333112	7	22
22333113	7	17
22333121	7	23
22333122	7	25
22333123	7	20
22333131	7	18
22333132	7	20
22333133	7	15
22333211	7	20
22333212	7	22
22333213	7	17
22333221	7	23
22333222	7	25
22333223	7	20
22333231	7	18
22333232	7	20
22333233	7	15
22333311	7	15
22333312	7	17
22333313	7	12
22333321	7	18
22333322	7	20
22333323	7	15
22333331	7	13
22333332	7	15
22333333	7	10
23111111	7	5
23111112	7	9
23111113	7	8
23111121	7	10
23111122	7	14
23111123	7	13
23111131	7	7
23111132	7	11
23111133	7	10
23111211	7	9
23111212	7	13
23111213	7	12
23111221	7	14
23111222	7	18
23111223	7	17
23111231	7	11
23111232	7	15
23111233	7	14
23111311	7	10
23111312	7	14
23111313	7	13
23111321	7	15
23111322	7	19
23111323	7	18
23111331	7	12
23111332	7	16
23111333	7	15
23112111	7	10
23112112	7	14
23112113	7	13
23112121	7	15
23112122	7	19
23112123	7	18
23112131	7	12
23112132	7	16
23112133	7	15
23112211	7	14
23112212	7	18
23112213	7	17
23112221	7	19
23112222	7	23
23112223	7	22
23112231	7	16
23112232	7	20
23112233	7	19
23112311	7	15
23112312	7	19
23112313	7	18
23112321	7	20
23112322	7	24
23112323	7	23
23112331	7	17
23112332	7	21
23112333	7	20
23113111	7	9
23113112	7	13
23113113	7	12
23113121	7	14
23113122	7	18
23113123	7	17
23113131	7	11
23113132	7	15
23113133	7	14
23113211	7	13
23113212	7	17
23113213	7	16
23113221	7	18
23113222	7	22
23113223	7	21
23113231	7	15
23113232	7	19
23113233	7	18
23113311	7	14
23113312	7	18
23113313	7	17
23113321	7	19
23113322	7	23
23113323	7	22
23113331	7	16
23113332	7	20
23113333	7	19
23121111	8	9
23121112	8	13
23121113	8	12
23121121	8	14
23121122	8	18
23121123	8	17
23121131	8	11
23121132	8	15
23121133	8	14
23121211	8	13
23121212	8	17
23121213	8	16
23121221	8	18
23121222	8	22
23121223	8	21
23121231	8	15
23121232	8	19
23121233	8	18
23121311	8	14
23121312	8	18
23121313	8	17
23121321	8	19
23121322	8	23
23121323	8	22
23121331	8	16
23121332	8	20
23121333	8	19
23122111	8	14
23122112	8	18
23122113	8	17
23122121	8	19
23122122	8	23
23122123	8	22
23122131	8	16
23122132	8	20
23122133	8	19
23122211	8	18
23122212	8	22
23122213	8	21
23122221	8	23
23122222	8	27
23122223	8	26
23122231	8	20
23122232	8	24
23122233	8	23
23122311	8	19
23122312	8	23
23122313	8	22
23122321	8	24
23122322	8	28
23122323	8	27
23122331	8	21
23122332	8	25
23122333	8	24
23123111	8	13
23123112	8	17
23123113	8	16
23123121	8	18
23123122	8	22
23123123	8	21
23123131	8	15
23123132	8	19
23123133	8	18
23123211	8	17
23123212	8	21
23123213	8	20
23123221	8	22
23123222	8	26
23123223	8	25
23123231	8	19
23123232	8	23
23123233	8	22
23123311	8	18
23123312	8	22
23123313	8	21
23123321	8	23
23123322	8	27
23123323	8	26
23123331	8	20
23123332	8	24
23123333	8	23
23131111	7	7
23131112	7	11
23131113	7	10
23131121	7	12
23131122	7	16
23131123	7	15
23131131	7	9
23131132	7	13
23131133	7	12
23131211	7	11
23131212	7	15
23131213	7	14
23131221	7	16
23131222	7	20
23131223	7	19
23131231	7	13
23131232	7	17
23131233	7	16
23131311	7	12
23131312	7	16
23131313	7	15
23131321	7	17
23131322	7	21
23131323	7	20
23131331	7	14
23131332	7	18
23131333	7	17
23132111	7	12
23132112	7	16
23132113	7	15
23132121	7	17
23132122	7	21
23132123	7	20
23132131	7	14
23132132	7	18
23132133	7	17
23132211	7	16
23132212	7	20
23132213	7	19
23132221	7	21
23132222	7	25
23132223	7	24
23132231	7	18
23132232	7	22
23132233	7	21
23132311	7	17
23132312	7	21
23132313	7	20
23132321	7	22
23132322	7	26
23132323	7	25
23132331	7	19
23132332	7	23
23132333	7	22
23133111	7	11
23133112	7	15
23133113	7	14
23133121	7	16
23133122	7	20
23133123	7	19
23133131	7	13
23133132	7	17
23133133	7	16
23133211	7	15
23133212	7	19
23133213	7	18
23133221	7	20
23133222	7	24
23133223	7	23
23133231	7	17
23133232	7	21
23133233	7	20
23133311	7	16
23133312	7	20
23133313	7	19
23133321	7	21
23133322	7	25
23133323	7	24
23133331	7	18
23133332	7	22
23133333	7	21
23211111	11	27
23211112	11	23
23211113	11	28
23211121	11	22
23211122	11	18
23211123	11	23
23211131	11	27
23211132	11	23
23211133	11	28
23211211	11	23
23211212	11	19
23211213	11	24
23211221	11	18
23211222	11	14
23211223	11	19
23211231	11	23
23211232	11	19
23211233	11	24
23211311	11	28
23211312	11	24
23211313	11	29
23211321	11	23
23211322	11	19
23211323	11	24
23211331	11	28
23211332	11	24
23211333	11	29
23212111	11	22
23212112	11	18
23212113	11	23
23212121	11	17
23212122	11	13
23212123	11	18
23212131	11	22
23212132	11	18
23212133	11	23
23212211	11	18
23212212	11	14
23212213	11	19
23212221	11	13
23212222	11	9
23212223	11	14
23212231	11	18
23212232	11	14
23212233	11	19
23212311	11	23
23212312	11	19
23212313	11	24
23212321	11	18
23212322	11	14
23212323	11	19
23212331	11	23
23212332	11	19
23212333	11	24
23213111	11	27
23213112	11	23
23213113	11	28
23213121	11	22
23213122	11	18
23213123	11	23
23213131	11	27
23213132	11	23
23213133	11	28
23213211	11	23
23213212	11	19
23213213	11	24
23213221	11	18
23213222	11	14
23213223	11	19
23213231	11	23
23213232	11	19
23213233	11	24
23213311	11	28
23213312	11	24
23213313	11	29
23213321	11	23
23213322	11	19
23213323	11	24
23213331	11	28
23213332	11	24
23213333	11	29
23221111	10	23
23221112	10	19
23221113	10	24
23221121	10	18
23221122	10	14
23221123	10	19
23221131	10	23
23221132	10	19
23221133	10	24
23221211	10	19
23221212	10	15
23221213	10	20
23221221	10	14
23221222	10	10
23221223	10	15
23221231	10	19
23221232	10	15
23221233	10	20
23221311	10	24
23221312	10	20
23221313	10	25
23221321	10	19
23221322	10	15
23221323	10	20
23221331	10	24
23221332	10	20
23221333	10	25
23222111	10	18
23222112	10	14
23222113	10	19
23222121	10	13
23222122	10	9
23222123	10	14
23222131	10	18
23222132	10	14
23222133	10	19
23222211	10	14
23222212	10	10
23222213	10	15
23222221	10	9
23222222	10	5
23222223	10	10
23222231	10	14
23222232	10	10
23222233	10	15
23222311	10	19
23222312	10	15
23222313	10	20
23222321	10	14
23222322	10	10
23222323	10	15
23222331	10	19
23222332	10	15
23222333	10	20
23223111	10	23
23223112	10	19
23223113	10	24
23223121	10	18
23223122	10	14
23223123	10	19
23223131	10	23
23223132	10	19
23223133	10	24
23223211	10	19
23223212	10	15
23223213	10	20
23223221	10	14
23223222	10	10
23223223	10	15
23223231	10	19
23223232	10	15
23223233	10	20
23223311	10	24
23223312	10	20
23223313	10	25
23223321	10	19
23223322	10	15
23223323	10	20
23223331	10	24
23223332	10	20
23223333	10	25
23231111	11	28
23231112	11	24
23231113	11	29
23231121	11	23
23231122	11	19
23231123	11	24
23231131	11	28
23231132	11	24
23231133	11	29
23231211	11	24
23231212	11	20
23231213	11	25
23231221	11	19
23231222	11	15
23231223	11	20
23231231	11	24
23231232	11	20
23231233	11	25
23231311	11	29
23231312	11	25
23231313	11	30
23231321	11	24
23231322	11	20
23231323	11	25
23231331	11	29
23231332	11	25
23231333	11	30
23232111	11	23
23232112	11	19
23232113	11	24
23232121	11	18
23232122	11	14
23232123	11	19
23232131	11	23
23232132	11	19
23232133	11	24
23232211	11	19
23232212	11	15
23232213	11	20
23232221	11	14
23232222	11	10
23232223	11	15
23232231	11	19
23232232	11	15
23232233	11	20
23232311	11	24
23232312	11	20
23232313	11	25
23232321	11	19
23232322	11	15
23232323	11	20
23232331	11	24
23232332	11	20
23232333	11	25
23233111	11	28
23233112	11	24
23233113	11	29
23233121	11	23
23233122	11	19
23233123	11	24
23233131	11	28
23233132	11	24
23233133	11	29
23233211	11	24
23233212	11	20
23233213	11	25
23233221	11	19
23233222	11	15
23233223	11	20
23233231	11	24
23233232	11	20
23233233	11	25
23233311	11	29
23233312	11	25
23233313	11	30
23233321	11	24
23233322	11	20
23233323	11	25
23233331	11	29
23233332	11	25
23233333	11	30
23311111	0	21
23311112	0	23
23311113	0	18
23311121	0	24
23311122	0	26
23311123	0	21
23311131	0	19
23311132	0	21
23311133	0	16
23311211	0	21
23311212	0	23
23311213	0	18
23311221	0	24
23311222	0	26
23311223	0	21
23311231	0	19
23311232	0	21
23311233	0	16
23311311	0	16
23311312	0	18
23311313	0	13
23311321	0	19
23311322	0	21
23311323	0	16
23311331	0	14
23311332	0	16
23311333	0	11
23312111	0	22
23312112	0	24
23312113	0	19
23312121	0	25
23312122	0	27
23312123	0	22
23312131	0	20
23312132	0	22
23312133	0	17
23312211	0	22
23312212	0	24
23312213	0	19
23312221	0	25
23312222	0	27
23312223	0	22
23312231	0	20
23312232	0	22
23312233	0	17
23312311	0	17
23312312	0	19
23312313	0	14
23312321	0	20
23312322	0	22
23312323	0	17
23312331	0	15
23312332	0	17
23312333	0	12
23313111	0	17
23313112	0	19
23313113	0	14
23313121	0	20
23313122	0	22
23313123	0	17
23313131	0	15
23313132	0	17
23313133	0	12
23313211	0	17
23313212	0	19
23313213	0	14
23313221	0	20
23313222	0	22
23313223	0	17
23313231	0	15
23313232	0	17
23313233	0	12
23313311	0	12
23313312	0	14
23313313	0	9
23313321	0	15
23313322	0	17
23313323	0	12
23313331	0	10
23313332	0	12
23313333	0	7
23321111	1	24
23321112	1	26
23321113	1	21
23321121	1	27
23321122	1	29
23321123	1	24
23321131	1	22
23321132	1	24
23321133	1	19
23321211	1	24
23321212	1	26
23321213	1	21
23321221	1	27
23321222	1	29
23321223	1	24
23321231	1	22
23321232	1	24
23321233	1	19
23321311	1	19
23321312	1	21
23321313	1	16
23321321	1	22
23321322	1	24
23321323	1	19
23321331	1	17
23321332	1	19
23321333	1	14
23322111	1	25
23322112	1	27
23322113	1	22
23322121	1	28
23322122	1	30
23322123	1	25
23322131	1	23
23322132	1	25
23322133	1	20
23322211	1	25
23322212	1	27
23322213	1	22
23322221	1	28
23322222	1	30
23322223	1	25
23322231	1	23
23322232	1	25
23322233	1	20
23322311	1	20
23322312	1	22
23322313	1	17
23322321	1	23
23322322	1	25
23322323	1	20
23322331	1	18
23322332	1	20
23322333	1	15
23323111	1	20
23323112	1	22
23323113	1	17
23323121	1	23
23323122	1	25
23323123	1	20
23323131	1	18
23323132	1	20
23323133	1	15
23323211	1	20
23323212	1	22
23323213	1	17
23323221	1	23
23323222	1	25
23323223	1	20
23323231	1	18
23323232	1	20
23323233	1	15
23323311	1	15
23323312	1	17
23323313	1	12
23323321	1	18
23323322	1	20
23323323	1	15
23323331	1	13
23323332	1	15
23323333	1	10
23331111	0	19
23331112	0	21
23331113	0	16
23331121	0	22
23331122	0	24
23331123	0	19
23331131	0	17
23331132	0	19
23331133	0	14
23331211	0	19
23331212	0	21
23331213	0	16
23331221	0	22
23331222	0	24
23331223	0	19
23331231	0	17
23331232	0	19
23331233	0	14
23331311	0	14
23331312	0	16
23331313	0	11
23331321	0	17
23331322	0	19
23331323	0	14
23331331	0	12
23331332	0	14
23331333	0	9
23332111	0	20
23332112	0	22
23332113	0	17
23332121	0	23
23332122	0	25
23332123	0	20
23332131	0	18
23332132	0	20
23332133	0	15
23332211	0	20
23332212	0	22
23332213	0	17
23332221	0	23
23332222	0	25
23332223	0	20
23332231	0	18
23332232	0	20
23332233	0	15
23332311	0	15
23332312	0	17
23332313	0	12
23332321	0	18
23332322	0	20
23332323	0	15
23332331	0	13
23332332	0	15
23332333	0	10
23333111	0	15
23333112	0	17
23333113	0	12
23333121	0	18
23333122	0	20
23333123	0	15
23333131	0	13
23333132	0	15
23333133	0	10
23333211	0	15
23333212	0	17
23333213	0	12
23333221	0	18
23333222	0	20
23333223	0	15
23333231	0	13
23333232	0	15
23333233	0	10
23333311	0	10
23333312	0	12
23333313	0	7
23333321	0	13
23333322	0	15
23333323	0	10
23333331	0	8
23333332	0	10
23333333	0	5
31111111	0	5
31111112	0	9
31111113	0	8
31111121	0	10
31111122	0	14
31111123	0	13
31111131	0	7
31111132	0	11
31111133	0	10
31111211	0	9
31111212	0	13
31111213	0	12
31111221	0	14
31111222	0	18
31111223	0	17
31111231	0	11
31111232	0	15
31111233	0	14
31111311	0	10
31111312	0	14
31111313	0	13
31111321	0	15
31111322	0	19
31111323	0	18
31111331	0	12
31111332	0	16
31111333	0	15
31112111	0	10
31112112	0	14
31112113	0	13
31112121	0	15
31112122	0	19
31112123	0	18
31112131	0	12
31112132	0	16
31112133	0	15
31112211	0	14
31112212	0	18
31112213	0	17
31112221	0	19
31112222	0	23
31112223	0	22
31112231	0	16
31112232	0	20
31112233	0	19
31112311	0	15
31112312	0	19
31112313	0	18
31112321	0	20
31112322	0	24
31112323	0	23
31112331	0	17
31112332	0	21
31112333	0	20
31113111	0	9
31113112	0	13
31113113	0	12
31113121	0	14
31113122	0	18
31113123	0	17
31113131	0	11
31113132	0	15
31113133	0	14
31113211	0	13
31113212	0	17
31113213	0	16
31113221	0	18
31113222	0	22
31113223	0	21
31113231	0	15
31113232	0	19
31113233	0	18
31113311	0	14
31113312	0	18
31113313	0	17
31113321	0	19
31113322	0	23
31113323	0	22
31113331	0	16
31113332	0	20
31113333	0	19
31121111	1	9
31121112	1	13
31121113	1	12
31121121	1	14
31121122	1	18
31121123	1	17
31121131	1	11
31121132	1	15
31121133	1	14
31121211	1	13
31121212	1	17
31121213	1	16
31121221	1	18
31121222	1	22
31121223	1	21
31121231	1	15
31121232	1	19
31121233	1	18
31121311	1	14
31121312	1	18
31121313	1	17
31121321	1	19
31121322	1	23
31121323	1	22
31121331	1	16
31121332	1	20
31121333	1	19
31122111	1	14
31122112	1	18
31122113	1	17
31122121	1	19
31122122	1	23
31122123	1	22
31122131	1	16
31122132	1	20
31122133	1	19
31122211	1	18
31122212	1	22
31122213	1	21
31122221	1	23
31122222	1	27
31122223	1	26
31122231	1	20
31122232	1	24
31122233	1	23
31122311	1	19
31122312	1	23
31122313	1	22
31122321	1	24
31122322	1	28
31122323	1	27
31122331	1	21
31122332	1	25
31122333	1	24
31123111	1	13
31123112	1	17
31123113	1	16
31123121	1	18
31123122	1	22
31123123	1	21
31123131	1	15
31123132	1	19
31123133	1	18
31123211	1	17
31123212	1	21
31123213	1	20
31123221	1	22
31123222	1	26
31123223	1	25
31123231	1	19
31123232	1	23
31123233	1	22
31123311	1	18
31123312	1	22
31123313	1	21
31123321	1	23
31123322	1	27
31123323	1	26
31123331	1	20
31123332	1	24
31123333	1	23
31131111	0	7
31131112	0	11
31131113	0	10
31131121	0	12
31131122	0	16
31131123	0	15
31131131	0	9
31131132	0	13
31131133	0	12
31131211	0	11
31131212	0	15
31131213	0	14
31131221	0	16
31131222	0	20
31131223	0	19
31131231	0	13
31131232	0	17
31131233	0	16
31131311	0	12
31131312	0	16
31131313	0	15
31131321	0	17
31131322	0	21
31131323	0	20
31131331	0	14
31131332	0	18
31131333	0	17
31132111	0	12
31132112	0	16
31132113	0	15
31132121	0	17
31132122	0	21
31132123	0	20
31132131	0	14
31132132	0	18
31132133	0	17
31132211	0	16
31132212	0	20
31132213	0	19
31132221	0	21
31132222	0	25
31132223	0	24
31132231	0	18
31132232	0	22
31132233	0	21
31132311	0	17
31132312	0	21
31132313	0	20
31132321	0	22
31132322	0	26
31132323	0	25
31132331	0	19
31132332	0	23
31132333	0	22
31133111	0	11
31133112	0	15
31133113	0	14
31133121	0	16
31133122	0	20
31133123	0	19
31133131	0	13
31133132	0	17
31133133	0	16
31133211	0	15
31133212	0	19
31133213	0	18
31133221	0	20
31133222	0	24
31133223	0	23
31133231	0	17
31133232	0	21
31133233	0	20
31133311	0	16
31133312	0	20
31133313	0	19
31133321	0	21
31133322	0	25
31133323	0	24
31133331	0	18
31133332	0	22
31133333	0	21
31211111	1	27
31211112	1	23
31211113	1	28
31211121	1	22
31211122	1	18
31211123	1	23
31211131	1	27
31211132	1	23
31211133	1	28
31211211	1	23
31211212	1	19
31211213	1	24
31211221	1	18
31211222	1	14
31211223	1	19
31211231	1	23
31211232	1	19
31211233	1	24
31211311	1	28
31211312	1	24
31211313	1	29
31211321	1	23
31211322	1	19
31211323	1	24
31211331	1	28
31211332	1	24
31211333	1	29
31212111	1	22
31212112	1	18
31212113	1	23
31212121	1	17
31212122	1	13
31212123	1	18
31212131	1	22
31212132	1	18
31212133	1	23
31212211	1	18
31212212	1	14
31212213	1	19
31212221	1	13
31212222	1	9
31212223	1	14
31212231	1	18
31212232	1	14
31212233	1	19
31212311	1	23
31212312	1	19
31212313	1	24
31212321	1	18
31212322	1	14
31212323	1	19
31212331	1	23
31212332	1	19
31212333	1	24
31213111	1	27
31213112	1	23
31213113	1	28
31213121	1	22
31213122	1	18
31213123	1	23
31213131	1	27
31213132	1	23
31213133	1	28
31213211	1	23
31213212	1	19
31213213	1	24
31213221	1	18
31213222	1	14
31213223	1	19
31213231	1	23
31213232	1	19
31213233	1	24
31213311	1	28
31213312	1	24
31213313	1	29
31213321	1	23
31213322	1	19
31213323	1	24
31213331	1	28
31213332	1	24
31213333	1	29
31221111	0	23
31221112	0	19
31221113	0	24
31221121	0	18
31221122	0	14
31221123	0	19
31221131	0	23
31221132	0	19
31221133	0	24
31221211	0	19
31221212	0	15
31221213	0	20
31221221	0	14
31221222	0	10
31221223	0	15
31221231	0	19
31221232	0	15
31221233	0	20
31221311	0	24
31221312	0	20
31221313	0	25
31221321	0	19
31221322	0	15
31221323	0	20
31221331	0	24
31221332	0	20
31221333	0	25
31222111	0	18
31222112	0	14
31222113	0	19
31222121	0	13
31222122	0	9
31222123	0	14
31222131	0	18
31222132	0	14
31222133	0	19
31222211	0	14
31222212	0	10
31222213	0	15
31222221	0	9
31222222	0	5
31222223	0	10
31222231	0	14
31222232	0	10
31222233	0	15
31222311	0	19
31222312	0	15
31222313	0	20
31222321	0	14
31222322	0	10
31222323	0	15
31222331	0	19
31222332	0	15
31222333	0	20
31223111	0	23
31223112	0	19
31223113	0	24
31223121	0	18
31223122	0	14
31223123	0	19
31223131	0	23
31223132	0	19
31223133	0	24
31223211	0	19
31223212	0	15
31223213	0	20
31223221	0	14
31223222	0	10
31223223	0	15
31223231	0	19
31223232	0	15
31223233	0	20
31223311	0	24
31223312	0	20
31223313	0	25
31223321	0	19
31223322	0	15
31223323	0	20
31223331	0	24
31223332	0	20
31223333	0	25
31231111	1	28
31231112	1	24
31231113	1	29
31231121	1	23
31231122	1	19
31231123	1	24
31231131	1	28
31231132	1	24
31231133	1	29
31231211	1	24
31231212	1	20
31231213	1	25
31231221	1	19
31231222	1	15
31231223	1	20
31231231	1	24
31231232	1	20
31231233	1	25
31231311	1	29
31231312	1	25
31231313	1	30
31231321	1	24
31231322	1	20
31231323	1	25
31231331	1	29
31231332	1	25
31231333	1	30
31232111	1	23
31232112	1	19
31232113	1	24
31232121	1	18
31232122	1	14
31232123	1	19
31232131	1	23
31232132	1	19
31232133	1	24
31232211	1	19
31232212	1	15
31232213	1	20
31232221	1	14
31232222	1	10
31232223	1	15
31232231	1	19
31232232	1	15
31232233	1	20
31232311	1	24
31232312	1	20
31232313	1	25
31232321	1	19
31232322	1	15
31232323	1	20
31232331	1	24
31232332	1	20
31232333	1	25
31233111	1	28
31233112	1	24
31233113	1	29
31233121	1	23
31233122	1	19
31233123	1	24
31233131	1	28
31233132	1	24
31233133	1	29
31233211	1	24
31233212	1	20
31233213	1	25
31233221	1	19
31233222	1	15
31233223	1	20
31233231	1	24
31233232	1	20
31233233	1	25
31233311	1	29
31233312	1	25
31233313	1	30
31233321	1	24
31233322	1	20
31233323	1	25
31233331	1	29
31233332	1	25
31233333	1	30
31311111	7	21
31311112	7	23
31311113	7	18
31311121	7	24
31311122	7	26
31311123	7	21
31311131	7	19
31311132	7	21
31311133	7	16
31311211	7	21
31311212	7	23
31311213	7	18
31311221	7	24
31311222	7	26
31311223	7	21
31311231	7	19
31311232	7	21
31311233	7	16
31311311	7	16
31311312	7	18
31311313	7	13
31311321	7	19
31311322	7	21
31311323	7	16
31311331	7	14
31311332	7	16
31311333	7	11
31312111	7	22
31312112	7	24
31312113	7	19
31312121	7	25
31312122	7	27
31312123	7	22
31312131	7	20
31312132	7	22
31312133	7	17
31312211	7	22
31312212	7	24
31312213	7	19
31312221	7	25
31312222	7	27
31312223	7	22
31312231	7	20
31312232	7	22
31312233	7	17
31312311	7	17
31312312	7	19
31312313	7	14
31312321	7	20
31312322	7	22
31312323	7	17
31312331	7	15
31312332	7	17
31312333	7	12
31313111	7	17
31313112	7	19
31313113	7	14
31313121	7	20
31313122	7	22
31313123	7	17
31313131	7	15
31313132	7	17
31313133	7	12
31313211	7	17
31313212	7	19
31313213	7	14
31313221	7	20
31313222	7	22
31313223	7	17
31313231	7	15
31313232	7	17
31313233	7	12
31313311	7	12
31313312	7	14
31313313	7	9
31313321	7	15
31313322	7	17
31313323	7	12
31313331	7	10
31313332	7	12
31313333	7	7
31321111	8	24
31321112	8	26
31321113	8	21
31321121	8	27
31321122	8	29
31321123	8	24
31321131	8	22
31321132	8	24
31321133	8	19
31321211	8	24
31321212	8	26
31321213	8	21
31321221	8	27
31321222	8	29
31321223	8	24
31321231	8	22
31321232	8	24
31321233	8	19
31321311	8	19
31321312	8	21
31321313	8	16
31321321	8	22
31321322	8	24
31321323	8	19
31321331	8	17
31321332	8	19
31321333	8	14
31322111	8	25
31322112	8	27
31322113	8	22
31322121	8	28
31322122	8	30
31322123	8	25
31322131	8	23
31322132	8	25
31322133	8	20
31322211	8	25
31322212	8	27
31322213	8	22
31322221	8	28
31322222	8	30
31322223	8	25
31322231	8	23
31322232	8	25
31322233	8	20
31322311	8	20
31322312	8	22
31322313	8	17
31322321	8	23
31322322	8	25
31322323	8	20
31322331	8	18
31322332	8	20
31322333	8	15
31323111	8	20
31323112	8	22
31323113	8	17
31323121	8	23
31323122	8	25
31323123	8	20
31323131	8	18
31323132	8	20
31323133	8	15
31323211	8	20
31323212	8	22
31323213	8	17
31323221	8	23
31323222	8	25
31323223	8	20
31323231	8	18
31323232	8	20
31323233	8	15
31323311	8	15
31323312	8	17
31323313	8	12
31323321	8	18
31323322	8	20
31323323	8	15
31323331	8	13
31323332	8	15
31323333	8	10
31331111	7	19
31331112	7	21
31331113	7	16
31331121	7	22
31331122	7	24
31331123	7	19
31331131	7	17
31331132	7	19
31331133	7	14
31331211	7	19
31331212	7	21
31331213	7	16
31331221	7	22
31331222	7	24
31331223	7	19
31331231	7	17
31331232	7	19
31331233	7	14
31331311	7	14
31331312	7	16
31331313	7	11
31331321	7	17
31331322	7	19
31331323	7	14
31331331	7	12
31331332	7	14
31331333	7	9
31332111	7	20
31332112	7	22
31332113	7	17
31332121	7	23
31332122	7	25
31332123	7	20
31332131	7	18
31332132	7	20
31332133	7	15
31332211	7	20
31332212	7	22
31332213	7	17
31332221	7	23
31332222	7	25
31332223	7	20
31332231	7	18
31332232	7	20
31332233	7	15
31332311	7	15
31332312	7	17
31332313	7	12
31332321	7	18
31332322	7	20
31332323	7	15
31332331	7	13
31332332	7	15
31332333	7	10
31333111	7	15
31333112	7	17
31333113	7	12
31333121	7	18
31333122	7	20
31333123	7	15
31333131	7	13
31333132	7	15
31333133	7	10
31333211	7	15
31333212	7	17
31333213	7	12
31333221	7	18
31333222	7	20
31333223	7	15
31333231	7	13
31333232	7	15
31333233	7	10
31333311	7	10
31333312	7	12
31333313	7	7
31333321	7	13
31333322	7	15
31333323	7	10
31333331	7	8
31333332	7	10
31333333	7	5
32111111	0	5
32111112	0	9
32111113	0	8
32111121	0	10
32111122	0	14
32111123	0	13
32111131	0	7
32111132	0	11
32111133	0	10
32111211	0	9
32111212	0	13
32111213	0	12
32111221	0	14
32111222	0	18
32111223	0	17
32111231	0	11
32111232	0	15
32111233	0	14
32111311	0	10
32111312	0	14
32111313	0	13
32111321	0	15
32111322	0	19
32111323	0	18
32111331	0	12
32111332	0	16
32111333	0	15
32112111	0	10
32112112	0	14
32112113	0	13
32112121	0	15
32112122	0	19
32112123	0	18
32112131	0	12
32112132	0	16
32112133	0	15
32112211	0	14
32112212	0	18
32112213	0	17
32112221	0	19
32112222	0	23
32112223	0	22
32112231	0	16
32112232	0	20
32112233	0	19
32112311	0	15
32112312	0	19
32112313	0	18
32112321	0	20
32112322	0	24
32112323	0	23
32112331	0	17
32112332	0	21
32112333	0	20
32113111	0	9
32113112	0	13
32113113	0	12
32113121	0	14
32113122	0	18
32113123	0	17
32113131	0	11
32113132	0	15
32113133	0	14
32113211	0	13
32113212	0	17
32113213	0	16
32113221	0	18
32113222	0	22
32113223	0	21
32113231	0	15
32113232	0	19
32113233	0	18
32113311	0	14
32113312	0	18
32113313	0	17
32113321	0	19
32113322	0	23
32113323	0	22
32113331	0	16
32113332	0	20
32113333	0	19
32121111	1	9
32121112	1	13
32121113	1	12
32121121	1	14
32121122	1	18
32121123	1	17
32121131	1	11
32121132	1	15
32121133	1	14
32121211	1	13
32121212	1	17
32121213	1	16
32121221	1	18
32121222	1	22
32121223	1	21
32121231	1	15
32121232	1	19
32121233	1	18
32121311	1	14
32121312	1	18
32121313	1	17
32121321	1	19
32121322	1	23
32121323	1	22
32121331	1	16
32121332	1	20
32121333	1	19
32122111	1	14
32122112	1	18
32122113	1	17
32122121	1	19
32122122	1	23
32122123	1	22
32122131	1	16
32122132	1	20
32122133	1	19
32122211	1	18
32122212	1	22
32122213	1	21
32122221	1	23
32122222	1	27
32122223	1	26
32122231	1	20
32122232	1	24
32122233	1	23
32122311	1	19
32122312	1	23
32122313	1	22
32122321	1	24
32122322	1	28
32122323	1	27
32122331	1	21
32122332	1	25
32122333	1	24
32123111	1	13
32123112	1	17
32123113	1	16
32123121	1	18
32123122	1	22
32123123	1	21
32123131	1	15
32123132	1	19
32123133	1	18
32123211	1	17
32123212	1	21
32123213	1	20
32123221	1	22
32123222	1	26
32123223	1	25
32123231	1	19
32123232	1	23
32123233	1	22
32123311	1	18
32123312	1	22
32123313	1	21
32123321	1	23
32123322	1	27
32123323	1	26
32123331	1	20
32123332	1	24
32123333	1	23
32131111	0	7
32131112	0	11
32131113	0	10
32131121	0	12
32131122	0	16
32131123	0	15
32131131	0	9
32131132	0	13
32131133	0	12
32131211	0	11
32131212	0	15
32131213	0	14
32131221	0	16
32131222	0	20
32131223	0	19
32131231	0	13
32131232	0	17
32131233	0	16
32131311	0	12
32131312	0	16
32131313	0	15
32131321	0	17
32131322	0	21
32131323	0	20
32131331	0	14
32131332	0	18
32131333	0	17
32132111	0	12
32132112	0	16
32132113	0	15
32132121	0	17
32132122	0	21
32132123	0	20
32132131	0	14
32132132	0	18
32132133	0	17
32132211	0	16
32132212	0	20
32132213	0	19
32132221	0	21
32132222	0	25
32132223	0	24
32132231	0	18
32132232	0	22
32132233	0	21
32132311	0	17
32132312	0	21
32132313	0	20
32132321	0	22
32132322	0	26
32132323	0	25
32132331	0	19
32132332	0	23
32132333	0	22
32133111	0	11
32133112	0	15
32133113	0	14
32133121	0	16
32133122	0	20
32133123	0	19
32133131	0	13
32133132	0	17
32133133	0	16
32133211	0	15
32133212	0	19
32133213	0	18
32133221	0	20
32133222	0	24
32133223	0	23
32133231	0	17
32133232	0	21
32133233	0	20
32133311	0	16
32133312	0	20
32133313	0	19
32133321	0	21
32133322	0	25
32133323	0	24
32133331	0	18
32133332	0	22
32133333	0	21
32211111	1	27
32211112	1	23
32211113	1	28
32211121	1	22
32211122	1	18
32211123	1	23
32211131	1	27
32211132	1	23
32211133	1	28
32211211	1	23
32211212	1	19
32211213	1	24
32211221	1	18
32211222	1	14
32211223	1	19
32211231	1	23
32211232	1	19
32211233	1	24
32211311	1	28
32211312	1	24
32211313	1	29
32211321	1	23
32211322	1	19
32211323	1	24
32211331	1	28
32211332	1	24
32211333	1	29
32212111	1	22
32212112	1	18
32212113	1	23
32212121	1	17
32212122	1	13
32212123	1	18
32212131	1	22
32212132	1	18
32212133	1	23
32212211	1	18
32212212	1	14
32212213	1	19
32212221	1	13
32212222	1	9
32212223	1	14
32212231	1	18
32212232	1	14
32212233	1	19
32212311	1	23
32212312	1	19
32212313	1	24
32212321	1	18
32212322	1	14
32212323	1	19
32212331	1	23
32212332	1	19
32212333	1	24
32213111	1	27
32213112	1	23
32213113	1	28
32213121	1	22
32213122	1	18
32213123	1	23
32213131	1	27
32213132	1	23
32213133	1	28
32213211	1	23
32213212	1	19
32213213	1	24
32213221	1	18
32213222	1	14
32213223	1	19
32213231	1	23
32213232	1	19
32213233	1	24
32213311	1	28
32213312	1	24
32213313	1	29
32213321	1	23
32213322	1	19
32213323	1	24
32213331	1	28
32213332	1	24
32213333	1	29
32221111	0	23
32221112	0	19
32221113	0	24
32221121	0	18
32221122	0	14
32221123	0	19
32221131	0	23
32221132	0	19
32221133	0	24
32221211	0	19
32221212	0	15
32221213	0	20
32221221	0	14
32221222	0	10
32221223	0	15
32221231	0	19
32221232	0	15
32221233	0	20
32221311	0	24
32221312	0	20
32221313	0	25
32221321	0	19
32221322	0	15
32221323	0	20
32221331	0	24
32221332	0	20
32221333	0	25
32222111	0	18
32222112	0	14
32222113	0	19
32222121	0	13
32222122	0	9
32222123	0	14
32222131	0	18
32222132	0	14
32222133	0	19
32222211	0	14
32222212	0	10
32222213	0	15
32222221	0	9
32222222	0	5
32222223	0	10
32222231	0	14
32222232	0	10
32222233	0	15
32222311	0	19
32222312	0	15
32222313	0	20
32222321	0	14
32222322	0	10
32222323	0	15
32222331	0	19
32222332	0	15
32222333	0	20
32223111	0	23
32223112	0	19
32223113	0	24
32223121	0	18
32223122	0	14
32223123	0	19
32223131	0	23
32223132	0	19
32223133	0	24
32223211	0	19
32223212	0	15
32223213	0	20
32223221	0	14
32223222	0	10
32223223	0	15
32223231	0	19
32223232	0	15
32223233	0	20
32223311	0	24
32223312	0	20
32223313	0	25
32223321	0	19
32223322	0	15
32223323	0	20
32223331	0	24
32223332	0	20
32223333	0	25
32231111	1	28
32231112	1	24
32231113	1	29
32231121	1	23
32231122	1	19
32231123	1	24
32231131	1	28
32231132	1	24
32231133	1	29
32231211	1	24
32231212	1	20
32231213	1	25
32231221	1	19
32231222	1	15
32231223	1	20
32231231	1	24
32231232	1	20
32231233	1	25
32231311	1	29
32231312	1	25
32231313	1	30
32231321	1	24
32231322	1	20
32231323	1	25
32231331	1	29
32231332	1	25
32231333	1	30
32232111	1	23
32232112	1	19
32232113	1	24
32232121	1	18
32232122	1	14
32232123	1	19
32232131	1	23
32232132	1	19
32232133	1	24
32232211	1	19
32232212	1	15
32232213	1	20
32232221	1	14
32232222	1	10
32232223	1	15
32232231	1	19
32232232	1	15
32232233	1	20
32232311	1	24
32232312	1	20
32232313	1	25
32232321	1	19
32232322	1	15
32232323	1	20
32232331	1	24
32232332	1	20
32232333	1	25
32233111	1	28
32233112	1	24
32233113	1	29
32233121	1	23
32233122	1	19
32233123	1	24
32233131	1	28
32233132	1	24
32233133	1	29
32233211	1	24
32233212	1	20
32233213	1	25
32233221	1	19
32233222	1	15
32233223	1	20
32233231	1	24
32233232	1	20
32233233	1	25
32233311	1	29
32233312	1	25
32233313	1	30
32233321	1	24
32233322	1	20
32233323	1	25
32233331	1	29
32233332	1	25
32233333	1	30
32311111	7	21
32311112	7	23
32311113	7	18
32311121	7	24
32311122	7	26
32311123	7	21
32311131	7	19
32311132	7	21
32311133	7	16
32311211	7	21
32311212	7	23
32311213	7	18
32311221	7	24
32311222	7	26
32311223	7	21
32311231	7	19
32311232	7	21
32311233	7	16
32311311	7	16
32311312	7	18
32311313	7	13
32311321	7	19
32311322	7	21
32311323	7	16
32311331	7	14
32311332	7	16
32311333	7	11
32312111	7	22
32312112	7	24
32312113	7	19
32312121	7	25
32312122	7	27
32312123	7	22
32312131	7	20
32312132	7	22
32312133	7	17
32312211	7	22
32312212	7	24
32312213	7	19
32312221	7	25
32312222	7	27
32312223	7	22
32312231	7	20
32312232	7	22
32312233	7	17
32312311	7	17
32312312	7	19
32312313	7	14
32312321	7	20
32312322	7	22
32312323	7	17
32312331	7	15
32312332	7	17
32312333	7	12
32313111	7	17
32313112	7	19
32313113	7	14
32313121	7	20
32313122	7	22
32313123	7	17
32313131	7	15
32313132	7	17
32313133	7	12
32313211	7	17
32313212	7	19
32313213	7	14
32313221	7	20
32313222	7	22
32313223	7	17
32313231	7	15
32313232	7	17
32313233	7	12
32313311	7	12
32313312	7	14
32313313	7	9
32313321	7	15
32313322	7	17
32313323	7	12
32313331	7	10
32313332	7	12
32313333	7	7
32321111	8	24
32321112	8	26
32321113	8	21
32321121	8	27
32321122	8	29
32321123	8	24
32321131	8	22
32321132	8	24
32321133	8	19
32321211	8	24
32321212	8	26
32321213	8	21
32321221	8	27
32321222	8	29
32321223	8	24
32321231	8	22
32321232	8	24
32321233	8	19
32321311	8	19
32321312	8	21
32321313	8	16
32321321	8	22
32321322	8	24
32321323	8	19
32321331	8	17
32321332	8	19
32321333	8	14
32322111	8	25
32322112	8	27
32322113	8	22
32322121	8	28
32322122	8	30
32322123	8	25
32322131	8	23
32322132	8	25
32322133	8	20
32322211	8	25
32322212	8	27
32322213	8	22
32322221	8	28
32322222	8	30
32322223	8	25
32322231	8	23
32322232	8	25
32322233	8	20
32322311	8	20
32322312	8	22
32322313	8	17
32322321	8	23
32322322	8	25
32322323	8	20
32322331	8	18
32322332	8	20
32322333	8	15
32323111	8	20
32323112	8	22
32323113	8	17
32323121	8	23
32323122	8	25
32323123	8	20
32323131	8	18
32323132	8	20
32323133	8	15
32323211	8	20
32323212	8	22
32323213	8	17
32323221	8	23
32323222	8	25
32323223	8	20
32323231	8	18
32323232	8	20
32323233	8	15
32323311	8	15
32323312	8	17
32323313	8	12
32323321	8	18
32323322	8	20
32323323	8	15
32323331	8	13
32323332	8	15
32323333	8	10
32331111	7	19
32331112	7	21
32331113	7	16
32331121	7	22
32331122	7	24
32331123	7	19
32331131	7	17
32331132	7	19
32331133	7	14
32331211	7	19
32331212	7	21
32331213	7	16
32331221	7	22
32331222	7	24
32331223	7	19
32331231	7	17
32331232	7	19
32331233	7	14
32331311	7	14
32331312	7	16
32331313	7	11
32331321	7	17
32331322	7	19
32331323	7	14
32331331	7	12
32331332	7	14
32331333	7	9
32332111	7	20
32332112	7	22
32332113	7	17
32332121	7	23
32332122	7	25
32332123	7	20
32332131	7	18
32332132	7	20
32332133	7	15
32332211	7	20
32332212	7	22
32332213	7	17
32332221	7	23
32332222	7	25
32332223	7	20
32332231	7	18
32332232	7	20
32332233	7	15
32332311	7	15
32332312	7	17
32332313	7	12
32332321	7	18
32332322	7	20
32332323	7	15
32332331	7	13
32332332	7	15
32332333	7	10
32333111	7	15
32333112	7	17
32333113	7	12
32333121	7	18
32333122	7	20
32333123	7	15
32333131	7	13
32333132	7	15
32333133	7	10
32333211	7	15
32333212	7	17
32333213	7	12
32333221	7	18
32333222	7	20
32333223	7	15
32333231	7	13
32333232	7	15
32333233	7	10
32333311	7	10
32333312	7	12
32333313	7	7
32333321	7	13
32333322	7	15
32333323	7	10
32333331	7	8
32333332	7	10
32333333	7	5
33111111	7	10
33111112	7	14
33111113	7	13
33111121	7	15
33111122	7	19
33111123	7	18
33111131	7	12
33111132	7	16
33111133	7	15
33111211	7	14
33111212	7	18
33111213	7	17
33111221	7	19
33111222	7	23
33111223	7	22
33111231	7	16
33111232	7	20
33111233	7	19
33111311	7	15
33111312	7	19
33111313	7	18
33111321	7	20
33111322	7	24
33111323	7	23
33111331	7	17
33111332	7	21
33111333	7	20
33112111	7	15
33112112	7	19
33112113	7	18
33112121	7	20
33112122	7	24
33112123	7	23
33112131	7	17
33112132	7	21
33112133	7	20
33112211	7	19
33112212	7	23
33112213	7	22
33112221	7	24
33112222	7	28
33112223	7	27
33112231	7	21
33112232	7	25
33112233	7	24
33112311	7	20
33112312	7	24
33112313	7	23
33112321	7	25
33112322	7	29
33112323	7	28
33112331	7	22
33112332	7	26
33112333	7	25
33113111	7	14
33113112	7	18
33113113	7	17
33113121	7	19
33113122	7	23
33113123	7	22
33113131	7	16
33113132	7	20
33113133	7	19
33113211	7	18
33113212	7	22
33113213	7	21
33113221	7	23
33113222	7	27
33113223	7	26
33113231	7	20
33113232	7	24
33113233	7	23
33113311	7	19
33113312	7	23
33113313	7	22
33113321	7	24
33113322	7	28
33113323	7	27
33113331	7	21
33113332	7	25
33113333	7	24
33121111	8	14
33121112	8	18
33121113	8	17
33121121	8	19
33121122	8	23
33121123	8	22
33121131	8	16
33121132	8	20
33121133	8	19
33121211	8	18
33121212	8	22
33121213	8	21
33121221	8	23
33121222	8	27
33121223	8	26
33121231	8	20
33121232	8	24
33121233	8	23
33121311	8	19
33121312	8	23
33121313	8	22
33121321	8	24
33121322	8	28
33121323	8	27
33121331	8	21
33121332	8	25
33121333	8	24
33122111	8	19
33122112	8	23
33122113	8	22
33122121	8	24
33122122	8	28
33122123	8	27
33122131	8	21
33122132	8	25
33122133	8	24
33122211	8	23
33122212	8	27
33122213	8	26
33122221	8	28
33122222	8	32
33122223	8	31
33122231	8	25
33122232	8	29
33122233	8	28
33122311	8	24
33122312	8	28
33122313	8	27
33122321	8	29
33122322	8	33
33122323	8	32
33122331	8	26
33122332	8	30
33122333	8	29
33123111	8	18
33123112	8	22
33123113	8	21
33123121	8	23
33123122	8	27
33123123	8	26
33123131	8	20
33123132	8	24
33123133	8	23
33123211	8	22
33123212	8	26
33123213	8	25
33123221	8	27
33123222	8	31
33123223	8	30
33123231	8	24
33123232	8	28
33123233	8	27
33123311	8	23
33123312	8	27
33123313	8	26
33123321	8	28
33123322	8	32
33123323	8	31
33123331	8	25
33123332	8	29
33123333	8	28
33131111	7	12
33131112	7	16
33131113	7	15
33131121	7	17
33131122	7	21
33131123	7	20
33131131	7	14
33131132	7	18
33131133	7	17
33131211	7	16
33131212	7	20
33131213	7	19
33131221	7	21
33131222	7	25
33131223	7	24
33131231	7	18
33131232	7	22
33131233	7	21
33131311	7	17
33131312	7	21
33131313	7	20
33131321	7	22
33131322	7	26
33131323	7	25
33131331	7	19
33131332	7	23
33131333	7	22
33132111	7	17
33132112	7	21
33132113	7	20
33132121	7	22
33132122	7	26
33132123	7	25
33132131	7	19
33132132	7	23
33132133	7	22
33132211	7	21
33132212	7	25
33132213	7	24
33132221	7	26
33132222	7	30
33132223	7	29
33132231	7	23
33132232	7	27
33132233	7	26
33132311	7	22
33132312	7	26
33132313	7	25
33132321	7	27
33132322	7	31
33132323	7	30
33132331	7	24
33132332	7	28
33132333	7	27
33133111	7	16
33133112	7	20
33133113	7	19
33133121	7	21
33133122	7	25
33133123	7	24
33133131	7	18
33133132	7	22
33133133	7	21
33133211	7	20
33133212	7	24
33133213	7	23
33133221	7	25
33133222	7	29
33133223	7	28
33133231	7	22
33133232	7	26
33133233	7	25
33133311	7	21
33133312	7	25
33133313	7	24
33133321	7	26
33133322	7	30
33133323	7	29
33133331	7	23
33133332	7	27
33133333	7	26
33211111	11	32
33211112	11	28
33211113	11	33
33211121	11	27
33211122	11	23
33211123	11	28
33211131	11	32
33211132	11	28
33211133	11	33
33211211	11	28
33211212	11	24
33211213	11	29
33211221	11	23
33211222	11	19
33211223	11	24
33211231	11	28
33211232	11	24
33211233	11	29
33211311	11	33
33211312	11	29
33211313	11	34
33211321	11	28
33211322	11	24
33211323	11	29
33211331	11	33
33211332	11	29
33211333	11	34
33212111	11	27
33212112	11	23
33212113	11	28
33212121	11	22
33212122	11	18
33212123	11	23
33212131	11	27
33212132	11	23
33212133	11	28
33212211	11	23
33212212	11	19
33212213	11	24
33212221	11	18
33212222	11	14
33212223	11	19
33212231	11	23
33212232	11	19
33212233	11	24
33212311	11	28
33212312	11	24
33212313	11	29
33212321	11	23
33212322	11	19
33212323	11	24
33212331	11	28
33212332	11	24
33212333	11	29
33213111	11	32
33213112	11	28
33213113	11	33
33213121	11	27
33213122	11	23
33213123	11	28
33213131	11	32
33213132	11	28
33213133	11	33
33213211	11	28
33213212	11	24
33213213	11	29
33213221	11	23
33213222	11	19
33213223	11	24
33213231	11	28
33213232	11	24
33213233	11	29
33213311	11	33
33213312	11	29
33213313	11	34
33213321	11	28
33213322	11	24
33213323	11	29
33213331	11	33
33213332	11	29
33213333	11	34
33221111	10	28
33221112	10	24
33221113	10	29
33221121	10	23
33221122	10	19
33221123	10	24
33221131	10	28
33221132	10	24
33221133	10	29
33221211	10	24
33221212	10	20
33221213	10	25
33221221	10	19
33221222	10	15
33221223	10	20
33221231	10	24
33221232	10	20
33221233	10	25
33221311	10	29
33221312	10	25
33221313	10	30
33221321	10	24
33221322	10	20
33221323	10	25
33221331	10	29
33221332	10	25
33221333	10	30
33222111	10	23
33222112	10	19
33222113	10	24
33222121	10	18
33222122	10	14
33222123	10	19
33222131	10	23
33222132	10	19
33222133	10	24
33222211	10	19
33222212	10	15
33222213	10	20
33222221	10	14
33222222	10	10
33222223	10	15
33222231	10	19
33222232	10	15
33222233	10	20
33222311	10	24
33222312	10	20
33222313	10	25
33222321	10	19
33222322	10	15
33222323	10	20
33222331	10	24
33222332	10	20
33222333	10	25
33223111	10	28
33223112	10	24
33223113	10	29
33223121	10	23
33223122	10	19
33223123	10	24
33223131	10	28
33223132	10	24
33223133	10	29
33223211	10	24
33223212	10	20
33223213	10	25
33223221	10	19
33223222	10	15
33223223	10	20
33223231	10	24
33223232	10	20
33223233	10	25
33223311	10	29
33223312	10	25
33223313	10	30
33223321	10	24
33223322	10	20
33223323	10	25
33223331	10	29
33223332	10	25
33223333	10	30
33231111	11	33
33231112	11	29
33231113	11	34
33231121	11	28
33231122	11	24
33231123	11	29
33231131	11	33
33231132	11	29
33231133	11	34
33231211	11	29
33231212	11	25
33231213	11	30
33231221	11	24
33231222	11	20
33231223	11	25
33231231	11	29
33231232	11	25
33231233	11	30
33231311	11	34
33231312	11	30
33231313	11	35
33231321	11	29
33231322	11	25
33231323	11	30
33231331	11	34
33231332	11	30
33231333	11	35
33232111	11	28
33232112	11	24
33232113	11	29
33232121	11	23
33232122	11	19
33232123	11	24
33232131	11	28
33232132	11	24
33232133	11	29
33232211	11	24
33232212	11	20
33232213	11	25
33232221	11	19
33232222	11	15
33232223	11	20
33232231	11	24
33232232	11	20
33232233	11	25
33232311	11	29
33232312	11	25
33232313	11	30
33232321	11	24
33232322	11	20
33232323	11	25
33232331	11	29
33232332	11	25
33232333	11	30
33233111	11	33
33233112	11	29
33233113	11	34
33233121	11	28
33233122	11	24
33233123	11	29
33233131	11	33
33233132	11	29
33233133	11	34
33233211	11	29
33233212	11	25
33233213	11	30
33233221	11	24
33233222	11	20
33233223	11	25
33233231	11	29
33233232	11	25
33233233	11	30
33233311	11	34
33233312	11	30
33233313	11	35
33233321	11	29
33233322	11	25
33233323	11	30
33233331	11	34
33233332	11	30
33233333	11	35
33311111	0	16
33311112	0	18
33311113	0	13
33311121	0	19
33311122	0	21
33311123	0	16
33311131	0	14
33311132	0	16
33311133	0	11
33311211	0	16
33311212	0	18
33311213	0	13
33311221	0	19
33311222	0	21
33311223	0	16
33311231	0	14
33311232	0	16
33311233	0	11
33311311	0	11
33311312	0	13
33311313	0	8
33311321	0	14
33311322	0	16
33311323	0	11
33311331	0	9
33311332	0	11
33311333	0	6
33312111	0	17
33312112	0	19
33312113	0	14
33312121	0	20
33312122	0	22
33312123	0	17
33312131	0	15
33312132	0	17
33312133	0	12
33312211	0	17
33312212	0	19
33312213	0	14
33312221	0	20
33312222	0	22
33312223	0	17
33312231	0	15
33312232	0	17
33312233	0	12
33312311	0	12
33312312	0	14
33312313	0	9
33312321	0	15
33312322	0	17
33312323	0	12
33312331	0	10
33312332	0	12
33312333	0	7
33313111	0	12
33313112	0	14
33313113	0	9
33313121	0	15
33313122	0	17
33313123	0	12
33313131	0	10
33313132	0	12
33313133	0	7
33313211	0	12
33313212	0	14
33313213	0	9
33313221	0	15
33313222	0	17
33313223	0	12
33313231	0	10
33313232	0	12
33313233	0	7
33313311	0	7
33313312	0	9
33313313	0	4
33313321	0	10
33313322	0	12
33313323	0	7
33313331	0	5
33313332	0	7
33313333	0	2
33321111	1	19
33321112	1	21
33321113	1	16
33321121	1	22
33321122	1	24
33321123	1	19
33321131	1	17
33321132	1	19
33321133	1	14
33321211	1	19
33321212	1	21
33321213	1	16
33321221	1	22
33321222	1	24
33321223	1	19
33321231	1	17
33321232	1	19
33321233	1	14
33321311	1	14
33321312	1	16
33321313	1	11
33321321	1	17
33321322	1	19
33321323	1	14
33321331	1	12
33321332	1	14
33321333	1	9
33322111	1	20
33322112	1	22
33322113	1	17
33322121	1	23
33322122	1	25
33322123	1	20
33322131	1	18
33322132	1	20
33322133	1	15
33322211	1	20
33322212	1	22
33322213	1	17
33322221	1	23
33322222	1	25
33322223	1	20
33322231	1	18
33322232	1	20
33322233	1	15
33322311	1	15
33322312	1	17
33322313	1	12
33322321	1	18
33322322	1	20
33322323	1	15
33322331	1	13
33322332	1	15
33322333	1	10
33323111	1	15
33323112	1	17
33323113	1	12
33323121	1	18
33323122	1	20
33323123	1	15
33323131	1	13
33323132	1	15
33323133	1	10
33323211	1	15
33323212	1	17
33323213	1	12
33323221	1	18
33323222	1	20
33323223	1	15
33323231	1	13
33323232	1	15
33323233	1	10
33323311	1	10
33323312	1	12
33323313	1	7
33323321	1	13
33323322	1	15
33323323	1	10
33323331	1	8
33323332	1	10
33323333	1	5
33331111	0	14
33331112	0	16
33331113	0	11
33331121	0	17
33331122	0	19
33331123	0	14
33331131	0	12
33331132	0	14
33331133	0	9
33331211	0	14
33331212	0	16
33331213	0	11
33331221	0	17
33331222	0	19
33331223	0	14
33331231	0	12
33331232	0	14
33331233	0	9
33331311	0	9
33331312	0	11
33331313	0	6
33331321	0	12
33331322	0	14
33331323	0	9
33331331	0	7
33331332	0	9
33331333	0	4
33332111	0	15
33332112	0	17
33332113	0	12
33332121	0	18
33332122	0	20
33332123	0	15
33332131	0	13
33332132	0	15
33332133	0	10
33332211	0	15
33332212	0	17
33332213	0	12
33332221	0	18
33332222	0	20
33332223	0	15
33332231	0	13
33332232	0	15
33332233	0	10
33332311	0	10
33332312	0	12
33332313	0	7
33332321	0	13
33332322	0	15
33332323	0	10
33332331	0	8
33332332	0	10
33332333	0	5
33333111	0	10
33333112	0	12
33333113	0	7
33333121	0	13
33333122	0	15
33333123	0	10
33333131	0	8
33333132	0	10
33333133	0	5
33333211	0	10
33333212	0	12
33333213	0	7
33333221	0	13
33333222	0	15
33333223	0	10
33333231	0	8
33333232	0	10
33333233	0	5
33333311	0	5
33333312	0	7
33333313	0	2
33333321	0	8
33333322	0	10
33333323	0	5
33333331	0	3
33333332	0	5
33333333	0	0
# Average disruption <E> = 3.8889
# Average mutation <m> = 18.4444
