# Fields are number, contacting residues i & j (in library coordinates), and residues i & j (in PDB coordinates)
# n	i	j	pdbi	pdbj
0	0	1	1	2
1	1	2	2	3
2	1	67	2	68
3	1	70	2	71
4	2	3	3	4
5	2	71	3	72
6	2	194	3	195
7	2	195	3	196
8	3	4	4	5
9	3	65	4	66
10	3	72	4	73
11	3	195	4	196
12	4	5	5	6
13	4	8	5	9
14	4	9	5	10
15	4	12	5	13
16	4	62	5	63
17	4	72	5	73
18	4	74	5	75
19	4	195	5	196
20	4	196	5	197
21	5	6	6	7
22	5	7	6	8
23	5	9	6	10
24	5	62	6	63
25	5	196	6	197
26	6	7	7	8
27	6	8	7	9
28	6	9	7	10
29	6	10	7	11
30	6	62	7	63
31	7	8	8	9
32	7	9	8	10
33	7	10	8	11
34	7	196	8	197
35	8	9	9	10
36	8	10	9	11
37	8	11	9	12
38	8	12	9	13
39	8	196	9	197
40	9	10	10	11
41	9	11	10	12
42	9	12	10	13
43	9	13	10	14
44	9	62	10	63
45	10	11	11	12
46	10	12	11	13
47	10	13	11	14
48	10	14	11	15
49	11	12	12	13
50	11	13	12	14
51	11	14	12	15
52	11	15	12	16
53	11	200	12	201
54	12	13	13	14
55	12	14	13	15
56	12	15	13	16
57	12	55	13	56
58	12	58	13	59
59	12	59	13	60
60	12	74	13	75
61	12	199	13	200
62	13	14	14	15
63	13	15	14	16
64	13	16	14	17
65	13	56	14	57
66	13	59	14	60
67	13	60	14	61
68	14	15	15	16
69	14	16	15	17
70	14	17	15	18
71	14	18	15	19
72	15	16	16	17
73	15	17	16	18
74	15	18	16	19
75	15	19	16	20
76	15	55	16	56
77	15	203	16	204
78	16	17	17	18
79	16	18	17	19
80	16	19	17	20
81	16	20	17	21
82	16	52	17	53
83	16	55	17	56
84	16	56	17	57
85	17	18	18	19
86	17	19	18	20
87	17	20	18	21
88	18	19	19	20
89	18	20	19	21
90	18	21	19	22
91	18	207	19	208
92	18	211	19	212
93	19	20	20	21
94	19	21	20	22
95	19	22	20	23
96	19	23	20	24
97	19	51	20	52
98	19	52	20	53
99	19	206	20	207
100	19	207	20	208
101	19	210	20	211
102	19	211	20	212
103	20	21	21	22
104	20	23	21	24
105	20	24	21	25
106	20	52	21	53
107	21	22	22	23
108	21	23	22	24
109	21	24	22	25
110	21	25	22	26
111	22	23	23	24
112	22	24	23	25
113	22	25	23	26
114	22	26	23	27
115	22	48	23	49
116	23	24	24	25
117	23	25	24	26
118	23	27	24	28
119	23	48	24	49
120	23	49	24	50
121	24	25	25	26
122	24	26	25	27
123	24	27	25	28
124	24	28	25	29
125	25	26	26	27
126	25	27	26	28
127	25	29	26	30
128	26	27	27	28
129	26	28	27	29
130	26	29	27	30
131	26	30	27	31
132	26	44	27	45
133	26	45	27	46
134	26	48	27	49
135	26	218	27	219
136	27	28	28	29
137	27	30	28	31
138	27	45	28	46
139	28	29	29	30
140	28	30	29	31
141	28	31	29	32
142	28	32	29	33
143	29	30	30	31
144	29	31	30	32
145	29	32	30	33
146	29	33	30	34
147	29	41	30	42
148	30	31	31	32
149	30	32	31	33
150	30	33	31	34
151	30	38	31	39
152	30	41	31	42
153	30	42	31	43
154	30	45	31	46
155	31	32	32	33
156	31	38	32	39
157	32	33	33	34
158	33	34	34	35
159	33	38	34	39
160	33	41	34	42
161	33	222	34	223
162	34	37	35	38
163	34	38	35	39
164	34	225	35	226
165	37	38	38	39
166	37	39	38	40
167	37	41	38	42
168	37	222	38	223
169	37	225	38	226
170	38	39	39	40
171	38	41	39	42
172	38	42	39	43
173	39	40	40	41
174	39	41	40	42
175	39	42	40	43
176	39	43	40	44
177	40	41	41	42
178	40	43	41	44
179	40	44	41	45
180	40	218	41	219
181	40	221	41	222
182	41	42	42	43
183	41	43	42	44
184	41	45	42	46
185	41	218	42	219
186	41	222	42	223
187	42	43	43	44
188	42	44	43	45
189	42	45	43	46
190	43	44	44	45
191	43	45	44	46
192	43	46	44	47
193	43	47	44	48
194	43	87	44	88
195	43	90	44	91
196	43	91	44	92
197	43	94	44	95
198	44	45	45	46
199	44	46	45	47
200	44	47	45	48
201	44	91	45	92
202	44	214	45	215
203	44	218	45	219
204	45	46	46	47
205	45	47	46	48
206	45	49	46	50
207	46	47	47	48
208	46	48	47	49
209	46	49	47	50
210	46	50	47	51
211	46	87	47	88
212	47	48	48	49
213	47	50	48	51
214	47	84	48	85
215	47	87	48	88
216	47	88	48	89
217	47	91	48	92
218	47	210	48	211
219	48	49	49	50
220	48	50	49	51
221	48	51	49	52
222	48	52	49	53
223	48	211	49	212
224	49	50	50	51
225	49	52	50	53
226	49	53	50	54
227	50	51	51	52
228	50	52	51	53
229	50	53	51	54
230	50	80	51	81
231	50	83	51	84
232	50	84	51	85
233	51	52	52	53
234	51	53	52	54
235	51	54	52	55
236	51	55	52	56
237	51	80	52	81
238	51	210	52	211
239	52	53	53	54
240	52	56	53	57
241	53	54	54	55
242	53	55	54	56
243	53	56	54	57
244	54	55	55	56
245	54	56	55	57
246	54	57	55	58
247	54	58	55	59
248	54	80	55	81
249	55	56	56	57
250	55	57	56	58
251	55	58	56	59
252	55	59	56	60
253	55	80	56	81
254	55	202	56	203
255	55	203	56	204
256	55	206	56	207
257	56	57	57	58
258	56	59	57	60
259	56	60	57	61
260	57	58	58	59
261	57	59	58	60
262	58	59	59	60
263	58	74	59	75
264	58	76	59	77
265	58	77	59	78
266	59	60	60	61
267	59	61	60	62
268	60	61	61	62
269	61	62	62	63
270	61	63	62	64
271	61	64	62	65
272	62	63	63	64
273	62	72	63	73
274	63	64	64	65
275	63	65	64	66
276	64	65	65	66
277	64	72	65	73
278	65	66	66	67
279	65	67	66	68
280	65	72	66	73
281	66	67	67	68
282	66	73	67	74
283	66	75	67	76
284	67	68	68	69
285	67	70	68	71
286	67	71	68	72
287	67	72	68	73
288	68	69	69	70
289	68	121	69	122
290	68	122	69	123
291	68	123	69	124
292	68	124	69	125
293	68	129	69	130
294	69	70	70	71
295	70	71	71	72
296	71	72	72	73
297	71	187	72	188
298	71	188	72	189
299	71	191	72	192
300	71	193	72	194
301	71	194	72	195
302	71	195	72	196
303	71	198	72	199
304	72	73	73	74
305	72	74	73	75
306	72	195	73	196
307	73	74	74	75
308	73	75	74	76
309	73	78	74	79
310	73	121	74	122
311	73	122	74	123
312	74	75	75	76
313	74	77	75	78
314	74	195	75	196
315	75	76	76	77
316	75	77	76	78
317	75	78	76	79
318	75	79	76	80
319	75	122	76	123
320	76	77	77	78
321	76	78	77	79
322	76	79	77	80
323	77	78	78	79
324	77	79	78	80
325	77	80	78	81
326	77	81	78	82
327	77	198	78	199
328	77	199	78	200
329	77	202	78	203
330	78	79	79	80
331	78	80	79	81
332	78	81	79	82
333	78	82	79	83
334	78	114	79	115
335	78	118	79	119
336	78	121	79	122
337	78	184	79	185
338	78	188	79	189
339	79	80	80	81
340	79	81	80	82
341	79	82	80	83
342	79	83	80	84
343	80	81	81	82
344	80	82	81	83
345	80	83	81	84
346	80	84	81	85
347	80	206	81	207
348	80	210	81	211
349	81	82	82	83
350	81	83	82	84
351	81	84	82	85
352	81	85	82	86
353	81	114	82	115
354	81	180	82	181
355	81	202	82	203
356	81	206	82	207
357	81	210	82	211
358	82	83	83	84
359	82	85	83	86
360	82	86	83	87
361	82	111	83	112
362	82	114	83	115
363	83	84	84	85
364	83	86	84	87
365	84	85	85	86
366	84	86	85	87
367	84	87	85	88
368	84	88	85	89
369	84	210	85	211
370	85	86	86	87
371	85	87	86	88
372	85	88	86	89
373	85	110	86	111
374	85	114	86	115
375	85	177	86	178
376	86	87	87	88
377	86	88	87	89
378	86	89	87	90
379	86	107	87	108
380	86	110	87	111
381	87	88	88	89
382	87	90	88	91
383	88	89	89	90
384	88	90	89	91
385	88	91	89	92
386	88	177	89	178
387	88	210	89	211
388	88	213	89	214
389	89	90	90	91
390	89	91	90	92
391	89	92	90	93
392	89	93	90	94
393	89	107	90	108
394	89	110	90	111
395	89	143	90	144
396	89	147	90	148
397	89	177	90	178
398	90	91	91	92
399	90	92	91	93
400	90	93	91	94
401	90	94	91	95
402	91	92	92	93
403	91	94	92	95
404	91	213	92	214
405	91	217	92	218
406	92	93	93	94
407	92	94	93	95
408	92	95	93	96
409	92	147	93	148
410	92	166	93	167
411	92	169	93	170
412	92	170	93	171
413	92	173	93	174
414	92	213	93	214
415	92	217	93	218
416	93	94	94	95
417	93	95	94	96
418	93	96	94	97
419	93	98	94	99
420	93	103	94	104
421	93	147	94	148
422	94	95	95	96
423	94	96	95	97
424	94	158	95	159
425	94	221	95	222
426	95	96	96	97
427	95	158	96	159
428	95	162	96	163
429	95	165	96	166
430	95	166	96	167
431	95	169	96	170
432	95	217	96	218
433	95	220	96	221
434	95	221	96	222
435	96	97	97	98
436	96	98	97	99
437	96	150	97	151
438	96	158	97	159
439	96	166	97	167
440	97	98	98	99
441	97	158	98	159
442	98	99	99	100
443	98	102	99	103
444	98	103	99	104
445	98	147	99	148
446	98	150	99	151
447	98	166	99	167
448	99	100	100	101
449	99	101	100	102
450	99	102	100	103
451	99	103	100	104
452	100	101	101	102
453	100	102	101	103
454	100	103	101	104
455	100	104	101	105
456	101	102	102	103
457	101	104	102	105
458	102	103	103	104
459	102	104	103	105
460	102	105	103	106
461	102	146	103	147
462	102	149	103	150
463	103	104	104	105
464	103	105	104	106
465	103	106	104	107
466	103	107	104	108
467	104	105	105	106
468	104	107	105	108
469	105	106	106	107
470	105	107	106	108
471	105	109	106	110
472	106	107	107	108
473	106	109	107	110
474	106	110	107	111
475	106	147	107	148
476	107	108	108	109
477	107	109	108	110
478	107	110	108	111
479	107	111	108	112
480	108	109	109	110
481	108	110	109	111
482	108	111	109	112
483	108	112	109	113
484	109	110	110	111
485	109	111	110	112
486	109	139	110	140
487	109	142	110	143
488	109	143	110	144
489	110	111	111	112
490	110	112	111	113
491	110	113	111	114
492	110	114	111	115
493	110	143	111	144
494	110	177	111	178
495	111	112	112	113
496	111	113	112	114
497	111	114	112	115
498	111	115	112	116
499	112	113	113	114
500	112	114	113	115
501	112	115	113	116
502	112	116	113	117
503	112	139	113	140
504	113	114	114	115
505	113	116	114	117
506	113	136	114	137
507	113	139	114	140
508	113	140	114	141
509	113	143	114	144
510	113	177	114	178
511	114	115	115	116
512	114	116	115	117
513	114	117	115	118
514	114	118	115	119
515	115	116	116	117
516	115	117	116	118
517	115	118	116	119
518	115	119	116	120
519	116	117	117	118
520	116	118	117	119
521	116	119	117	120
522	116	132	117	133
523	116	135	117	136
524	116	136	117	137
525	116	139	117	140
526	117	118	118	119
527	117	119	118	120
528	117	120	118	121
529	117	121	118	122
530	118	119	119	120
531	118	120	119	121
532	118	121	119	122
533	118	122	119	123
534	119	120	120	121
535	119	121	120	122
536	119	132	120	133
537	120	121	121	122
538	120	122	121	123
539	120	123	121	124
540	120	129	121	130
541	120	132	121	133
542	120	184	121	185
543	121	122	122	123
544	121	184	122	185
545	121	188	122	189
546	122	123	123	124
547	123	124	124	125
548	123	125	124	126
549	123	128	124	129
550	123	129	124	130
551	123	132	124	133
552	124	125	125	126
553	125	126	126	127
554	125	127	126	128
555	125	128	126	129
556	125	129	126	130
557	126	127	127	128
558	126	128	127	129
559	126	129	127	130
560	126	130	127	131
561	127	128	128	129
562	128	129	129	130
563	128	130	129	131
564	128	131	129	132
565	128	132	129	133
566	129	130	130	131
567	129	132	130	133
568	129	184	130	185
569	129	189	130	190
570	130	131	131	132
571	130	132	131	133
572	130	133	131	134
573	130	134	131	135
574	130	185	131	186
575	130	189	131	190
576	130	190	131	191
577	131	132	132	133
578	131	133	132	134
579	131	134	132	135
580	132	133	133	134
581	132	134	133	135
582	132	135	133	136
583	133	134	134	135
584	133	135	134	136
585	133	137	134	138
586	133	181	134	182
587	133	184	134	185
588	133	185	134	186
589	134	135	135	136
590	134	136	135	137
591	134	137	135	138
592	134	138	135	139
593	135	136	136	137
594	135	137	136	138
595	135	138	136	139
596	135	139	136	140
597	136	137	137	138
598	136	138	137	139
599	136	139	137	140
600	137	138	138	139
601	137	139	138	140
602	137	140	138	141
603	137	141	138	142
604	138	139	139	140
605	138	140	139	141
606	138	141	139	142
607	138	142	139	143
608	139	140	140	141
609	139	141	140	142
610	139	142	140	143
611	139	143	140	144
612	140	141	141	142
613	140	143	141	144
614	140	144	141	145
615	140	177	141	178
616	140	178	141	179
617	140	181	141	182
618	141	142	142	143
619	141	143	142	144
620	141	144	142	145
621	142	143	143	144
622	142	144	143	145
623	142	145	143	146
624	143	144	144	145
625	143	145	144	146
626	143	147	144	148
627	143	177	144	178
628	144	145	145	146
629	144	146	145	147
630	144	147	145	148
631	144	148	145	149
632	145	146	146	147
633	145	147	146	148
634	145	148	146	149
635	145	149	146	150
636	146	147	147	148
637	146	148	147	149
638	146	149	147	150
639	147	148	148	149
640	147	166	148	167
641	147	170	148	171
642	148	149	149	150
643	148	150	149	151
644	148	151	149	152
645	148	152	149	153
646	148	170	149	171
647	148	171	149	172
648	148	174	149	175
649	149	150	150	151
650	149	151	150	152
651	149	152	150	153
652	149	153	150	154
653	150	151	151	152
654	150	166	151	167
655	151	152	152	153
656	151	163	152	164
657	151	166	152	167
658	151	170	152	171
659	152	153	153	154
660	153	154	154	155
661	153	155	154	156
662	154	155	155	156
663	158	159	159	160
664	158	162	159	163
665	159	160	160	161
666	159	161	160	162
667	159	162	160	163
668	160	161	161	162
669	160	163	161	164
670	161	162	162	163
671	161	163	162	164
672	161	164	162	165
673	161	165	162	166
674	161	224	162	225
675	162	163	163	164
676	162	164	163	165
677	162	165	163	166
678	162	166	163	167
679	162	221	163	222
680	162	224	163	225
681	163	164	164	165
682	163	166	164	167
683	163	167	164	168
684	164	165	165	166
685	164	166	165	167
686	164	167	165	168
687	164	168	165	169
688	165	166	166	167
689	165	167	166	168
690	165	168	166	169
691	165	169	166	170
692	165	220	166	221
693	165	224	166	225
694	166	167	167	168
695	166	168	167	169
696	166	170	167	171
697	167	168	168	169
698	167	170	168	171
699	167	171	168	172
700	168	169	169	170
701	168	170	169	171
702	168	171	169	172
703	169	170	170	171
704	169	172	170	173
705	169	213	170	214
706	169	216	170	217
707	169	217	170	218
708	170	171	171	172
709	170	172	171	173
710	170	173	171	174
711	170	174	171	175
712	171	172	172	173
713	171	174	172	175
714	172	173	173	174
715	172	176	173	177
716	172	212	173	213
717	172	213	173	214
718	173	174	174	175
719	173	175	174	176
720	173	176	174	177
721	173	177	174	178
722	173	213	174	214
723	174	175	175	176
724	174	178	175	179
725	175	176	176	177
726	175	177	176	178
727	175	178	176	179
728	175	179	176	180
729	176	177	177	178
730	176	178	177	179
731	176	179	177	180
732	176	205	177	206
733	176	208	177	209
734	176	209	177	210
735	177	178	178	179
736	177	179	178	180
737	177	180	178	181
738	177	181	178	182
739	177	209	178	210
740	178	179	179	180
741	178	181	179	182
742	178	182	179	183
743	179	180	180	181
744	179	181	180	182
745	179	182	180	183
746	179	183	180	184
747	179	205	180	206
748	180	181	181	182
749	180	182	181	183
750	180	183	181	184
751	180	184	181	185
752	180	202	181	203
753	180	205	181	206
754	180	206	181	207
755	180	209	181	210
756	181	182	182	183
757	181	183	182	184
758	181	184	182	185
759	181	185	182	186
760	182	183	183	184
761	182	184	183	185
762	182	185	183	186
763	182	186	183	187
764	183	184	184	185
765	183	185	184	186
766	183	186	184	187
767	183	193	184	194
768	183	198	184	199
769	183	201	184	202
770	183	202	184	203
771	183	205	184	206
772	184	185	185	186
773	184	186	185	187
774	184	188	185	189
775	184	189	185	190
776	184	198	185	199
777	184	202	185	203
778	185	186	186	187
779	185	189	186	190
780	185	190	186	191
781	186	187	187	188
782	186	190	187	191
783	186	192	187	193
784	186	193	187	194
785	187	188	188	189
786	187	189	188	190
787	187	191	188	192
788	187	193	188	194
789	187	198	188	199
790	188	189	189	190
791	188	198	189	199
792	189	190	190	191
793	190	191	191	192
794	190	192	191	193
795	191	192	192	193
796	191	193	192	194
797	192	193	193	194
798	193	194	194	195
799	193	197	194	198
800	193	198	194	199
801	193	201	194	202
802	194	195	195	196
803	194	196	195	197
804	194	197	195	198
805	194	198	195	199
806	195	196	196	197
807	195	198	196	199
808	195	199	196	200
809	196	197	197	198
810	196	198	197	199
811	196	199	197	200
812	196	200	197	201
813	197	198	198	199
814	197	199	198	200
815	197	200	198	201
816	197	201	198	202
817	198	199	199	200
818	198	200	199	201
819	198	201	199	202
820	198	202	199	203
821	199	200	200	201
822	199	201	200	202
823	199	202	200	203
824	199	203	200	204
825	200	201	201	202
826	200	202	201	203
827	200	203	201	204
828	200	204	201	205
829	201	202	202	203
830	201	203	202	204
831	201	204	202	205
832	201	205	202	206
833	202	203	203	204
834	202	204	203	205
835	202	205	203	206
836	202	206	203	207
837	203	204	204	205
838	203	205	204	206
839	203	206	204	207
840	203	207	204	208
841	204	205	205	206
842	204	207	205	208
843	204	208	205	209
844	205	206	206	207
845	205	207	206	208
846	205	208	206	209
847	205	209	206	210
848	206	207	207	208
849	206	208	207	209
850	206	209	207	210
851	206	210	207	211
852	206	211	207	212
853	207	208	208	209
854	207	211	208	212
855	208	209	209	210
856	208	212	209	213
857	209	210	210	211
858	209	213	210	214
859	210	211	211	212
860	210	213	211	214
861	211	212	212	213
862	211	213	212	214
863	211	214	212	215
864	211	215	212	216
865	212	213	213	214
866	212	214	213	215
867	212	215	213	216
868	213	214	214	215
869	213	215	214	216
870	213	216	214	217
871	213	217	214	218
872	214	215	215	216
873	214	216	215	217
874	214	217	215	218
875	214	218	215	219
876	215	216	216	217
877	215	217	216	218
878	215	218	216	219
879	215	219	216	220
880	216	217	217	218
881	216	219	217	220
882	216	220	217	221
883	217	218	218	219
884	217	219	218	220
885	217	220	218	221
886	217	221	218	222
887	218	219	219	220
888	218	220	219	221
889	218	221	219	222
890	218	222	219	223
891	219	220	220	221
892	219	221	220	222
893	219	222	220	223
894	219	223	220	224
895	220	221	221	222
896	220	222	221	223
897	220	223	221	224
898	221	222	222	223
899	221	223	222	224
900	221	225	222	226
901	222	223	223	224
902	222	225	223	226
903	223	224	224	225
904	223	225	224	226
905	223	226	224	227
906	224	225	225	226
907	224	226	225	227
908	224	227	225	228
909	225	226	226	227
910	225	227	226	228
911	226	227	227	228
