# chimera	E	m
11111111	0	0
11111112	0	10
11111113	0	15
11111121	0	9
11111122	0	19
11111123	0	24
11111131	0	15
11111132	0	25
11111133	0	30
11111211	1	7
11111212	1	17
11111213	1	22
11111221	1	16
11111222	1	26
11111223	1	31
11111231	1	22
11111232	1	32
11111233	1	37
11111311	11	12
11111312	11	22
11111313	11	27
11111321	11	21
11111322	11	31
11111323	11	36
11111331	11	27
11111332	11	37
11111333	11	42
11112111	16	70
11112112	16	60
11112113	16	73
11112121	16	61
11112122	16	51
11112123	16	64
11112131	16	75
11112132	16	65
11112133	16	78
11112211	17	63
11112212	17	53
11112213	17	66
11112221	17	54
11112222	17	44
11112223	17	57
11112231	17	68
11112232	17	58
11112233	17	71
11112311	27	78
11112312	27	68
11112313	27	81
11112321	27	69
11112322	27	59
11112323	27	72
11112331	27	83
11112332	27	73
11112333	27	86
11113111	42	95
11113112	42	98
11113113	42	85
11113121	42	99
11113122	42	97
11113123	42	84
11113131	42	85
11113132	42	83
11113133	42	70
11113211	44	102
11113212	44	101
11113213	44	88
11113221	44	102
11113222	44	100
11113223	44	87
11113231	44	88
11113232	44	86
11113233	44	73
11113311	43	88
11113312	43	86
11113313	43	73
11113321	43	87
11113322	43	85
11113323	43	72
11113331	43	73
11113332	43	71
11113333	43	58
11121111	28	12
11121112	28	22
11121113	28	27
11121121	28	21
11121122	28	31
11121123	28	36
11121131	28	27
11121132	28	37
11121133	28	42
11121211	29	19
11121212	29	29
11121213	29	34
11121221	29	28
11121222	29	38
11121223	29	43
11121231	29	34
11121232	29	44
11121233	29	49
11121311	39	24
11121312	39	34
11121313	39	39
11121321	39	33
11121322	39	43
11121323	39	48
11121331	39	39
11121332	39	49
11121333	39	54
11122111	32	58
11122112	32	48
11122113	32	61
11122121	32	49
11122122	32	39
11122123	32	52
11122131	32	63
11122132	32	53
11122133	32	66
11122211	33	51
11122212	33	41
11122213	33	54
11122221	33	42
11122222	33	32
11122223	33	45
11122231	33	56
11122232	33	46
11122233	33	59
11122311	43	66
11122312	43	56
11122313	43	69
11122321	43	57
11122322	43	47
11122323	43	60
11122331	43	71
11122332	43	61
11122333	43	74
11123111	61	100
11123112	61	98
11123113	61	85
11123121	61	99
11123122	61	97
11123123	61	84
11123131	61	85
11123132	61	83
11123133	61	70
11123211	63	103
11123212	63	101
11123213	63	88
11123221	63	102
11123222	63	100
11123223	63	87
11123231	63	88
11123232	63	86
11123233	63	73
11123311	62	88
11123312	62	86
11123313	62	73
11123321	62	87
11123322	62	85
11123323	62	72
11123331	62	73
11123332	62	71
11123333	62	58
11131111	30	13
11131112	30	23
11131113	30	28
11131121	30	22
11131122	30	32
11131123	30	37
11131131	30	28
11131132	30	38
11131133	30	43
11131211	31	20
11131212	31	30
11131213	31	35
11131221	31	29
11131222	31	39
11131223	31	44
11131231	31	35
11131232	31	45
11131233	31	50
11131311	41	25
11131312	41	35
11131313	41	40
11131321	41	34
11131322	41	44
11131323	41	49
11131331	41	40
11131332	41	50
11131333	41	55
11132111	38	71
11132112	38	61
11132113	38	74
11132121	38	62
11132122	38	52
11132123	38	65
11132131	38	76
11132132	38	66
11132133	38	79
11132211	39	64
11132212	39	54
11132213	39	67
11132221	39	55
11132222	39	45
11132223	39	58
11132231	39	69
11132232	39	59
11132233	39	72
11132311	49	79
11132312	49	69
11132313	49	82
11132321	49	70
11132322	49	60
11132323	49	73
11132331	49	84
11132332	49	74
11132333	49	87
11133111	55	87
11133112	55	85
11133113	55	72
11133121	55	86
11133122	55	84
11133123	55	71
11133131	55	72
11133132	55	70
11133133	55	57
11133211	57	90
11133212	57	88
11133213	57	75
11133221	57	89
11133222	57	87
11133223	57	74
11133231	57	75
11133232	57	73
11133233	57	60
11133311	56	75
11133312	56	73
11133313	56	60
11133321	56	74
11133322	56	72
11133323	56	59
11133331	56	60
11133332	56	58
11133333	56	45
11211111	11	6
11211112	11	16
11211113	11	21
11211121	11	15
11211122	11	25
11211123	11	30
11211131	11	21
11211132	11	31
11211133	11	36
11211211	12	13
11211212	12	23
11211213	12	28
11211221	12	22
11211222	12	32
11211223	12	37
11211231	12	28
11211232	12	38
11211233	12	43
11211311	22	18
11211312	22	28
11211313	22	33
11211321	22	27
11211322	22	37
11211323	22	42
11211331	22	33
11211332	22	43
11211333	22	48
11212111	25	64
11212112	25	54
11212113	25	67
11212121	25	55
11212122	25	45
11212123	25	58
11212131	25	69
11212132	25	59
11212133	25	72
11212211	26	57
11212212	26	47
11212213	26	60
11212221	26	48
11212222	26	38
11212223	26	51
11212231	26	62
11212232	26	52
11212233	26	65
11212311	36	72
11212312	36	62
11212313	36	75
11212321	36	63
11212322	36	53
11212323	36	66
11212331	36	77
11212332	36	67
11212333	36	80
11213111	51	100
11213112	51	98
11213113	51	85
11213121	51	99
11213122	51	97
11213123	51	84
11213131	51	85
11213132	51	83
11213133	51	70
11213211	53	103
11213212	53	101
11213213	53	88
11213221	53	102
11213222	53	100
11213223	53	87
11213231	53	88
11213232	53	86
11213233	53	73
11213311	52	88
11213312	52	86
11213313	52	73
11213321	52	87
11213322	52	85
11213323	52	72
11213331	52	73
11213332	52	71
11213333	52	58
11221111	25	18
11221112	25	28
11221113	25	33
11221121	25	27
11221122	25	37
11221123	25	42
11221131	25	33
11221132	25	43
11221133	25	48
11221211	26	25
11221212	26	35
11221213	26	40
11221221	26	34
11221222	26	44
11221223	26	49
11221231	26	40
11221232	26	50
11221233	26	55
11221311	36	30
11221312	36	40
11221313	36	45
11221321	36	39
11221322	36	49
11221323	36	54
11221331	36	45
11221332	36	55
11221333	36	60
11222111	27	52
11222112	27	42
11222113	27	55
11222121	27	43
11222122	27	33
11222123	27	46
11222131	27	57
11222132	27	47
11222133	27	60
11222211	28	45
11222212	28	35
11222213	28	48
11222221	28	36
11222222	28	26
11222223	28	39
11222231	28	50
11222232	28	40
11222233	28	53
11222311	38	60
11222312	38	50
11222313	38	63
11222321	38	51
11222322	38	41
11222323	38	54
11222331	38	65
11222332	38	55
11222333	38	68
11223111	56	100
11223112	56	98
11223113	56	85
11223121	56	99
11223122	56	97
11223123	56	84
11223131	56	85
11223132	56	83
11223133	56	70
11223211	58	103
11223212	58	101
11223213	58	88
11223221	58	102
11223222	58	100
11223223	58	87
11223231	58	88
11223232	58	86
11223233	58	73
11223311	57	88
11223312	57	86
11223313	57	73
11223321	57	87
11223322	57	85
11223323	57	72
11223331	57	73
11223332	57	71
11223333	57	58
11231111	34	19
11231112	34	29
11231113	34	34
11231121	34	28
11231122	34	38
11231123	34	43
11231131	34	34
11231132	34	44
11231133	34	49
11231211	35	26
11231212	35	36
11231213	35	41
11231221	35	35
11231222	35	45
11231223	35	50
11231231	35	41
11231232	35	51
11231233	35	56
11231311	45	31
11231312	45	41
11231313	45	46
11231321	45	40
11231322	45	50
11231323	45	55
11231331	45	46
11231332	45	56
11231333	45	61
11232111	40	65
11232112	40	55
11232113	40	68
11232121	40	56
11232122	40	46
11232123	40	59
11232131	40	70
11232132	40	60
11232133	40	73
11232211	41	58
11232212	41	48
11232213	41	61
11232221	41	49
11232222	41	39
11232223	41	52
11232231	41	63
11232232	41	53
11232233	41	66
11232311	51	73
11232312	51	63
11232313	51	76
11232321	51	64
11232322	51	54
11232323	51	67
11232331	51	78
11232332	51	68
11232333	51	81
11233111	57	87
11233112	57	85
11233113	57	72
11233121	57	86
11233122	57	84
11233123	57	71
11233131	57	72
11233132	57	70
11233133	57	57
11233211	59	90
11233212	59	88
11233213	59	75
11233221	59	89
11233222	59	87
11233223	59	74
11233231	59	75
11233232	59	73
11233233	59	60
11233311	58	75
11233312	58	73
11233313	58	60
11233321	58	74
11233322	58	72
11233323	58	59
11233331	58	60
11233332	58	58
11233333	58	45
11311111	31	14
11311112	31	24
11311113	31	29
11311121	31	23
11311122	31	33
11311123	31	38
11311131	31	29
11311132	31	39
11311133	31	44
11311211	35	21
11311212	35	31
11311213	35	36
11311221	35	30
11311222	35	40
11311223	35	45
11311231	35	36
11311232	35	46
11311233	35	51
11311311	34	26
11311312	34	36
11311313	34	41
11311321	34	35
11311322	34	45
11311323	34	50
11311331	34	41
11311332	34	51
11311333	34	56
11312111	45	78
11312112	45	68
11312113	45	81
11312121	45	69
11312122	45	59
11312123	45	72
11312131	45	83
11312132	45	73
11312133	45	86
11312211	49	71
11312212	49	61
11312213	49	74
11312221	49	62
11312222	49	52
11312223	49	65
11312231	49	76
11312232	49	66
11312233	49	79
11312311	48	86
11312312	48	76
11312313	48	89
11312321	48	77
11312322	48	67
11312323	48	80
11312331	48	91
11312332	48	81
11312333	48	94
11313111	45	86
11313112	45	84
11313113	45	71
11313121	45	85
11313122	45	83
11313123	45	70
11313131	45	71
11313132	45	69
11313133	45	56
11313211	50	89
11313212	50	87
11313213	50	74
11313221	50	88
11313222	50	86
11313223	50	73
11313231	50	74
11313232	50	72
11313233	50	59
11313311	38	74
11313312	38	72
11313313	38	59
11313321	38	73
11313322	38	71
11313323	38	58
11313331	38	59
11313332	38	57
11313333	38	44
11321111	52	26
11321112	52	36
11321113	52	41
11321121	52	35
11321122	52	45
11321123	52	50
11321131	52	41
11321132	52	51
11321133	52	56
11321211	56	33
11321212	56	43
11321213	56	48
11321221	56	42
11321222	56	52
11321223	56	57
11321231	56	48
11321232	56	58
11321233	56	63
11321311	55	38
11321312	55	48
11321313	55	53
11321321	55	47
11321322	55	57
11321323	55	62
11321331	55	53
11321332	55	63
11321333	55	68
11322111	54	66
11322112	54	56
11322113	54	69
11322121	54	57
11322122	54	47
11322123	54	60
11322131	54	71
11322132	54	61
11322133	54	74
11322211	58	59
11322212	58	49
11322213	58	62
11322221	58	50
11322222	58	40
11322223	58	53
11322231	58	64
11322232	58	54
11322233	58	67
11322311	57	74
11322312	57	64
11322313	57	77
11322321	57	65
11322322	57	55
11322323	57	68
11322331	57	79
11322332	57	69
11322333	57	82
11323111	57	86
11323112	57	84
11323113	57	71
11323121	57	85
11323122	57	83
11323123	57	70
11323131	57	71
11323132	57	69
11323133	57	56
11323211	62	89
11323212	62	87
11323213	62	74
11323221	62	88
11323222	62	86
11323223	62	73
11323231	62	74
11323232	62	72
11323233	62	59
11323311	50	74
11323312	50	72
11323313	50	59
11323321	50	73
11323322	50	71
11323323	50	58
11323331	50	59
11323332	50	57
11323333	50	44
11331111	51	27
11331112	51	37
11331113	51	42
11331121	51	36
11331122	51	46
11331123	51	51
11331131	51	42
11331132	51	52
11331133	51	57
11331211	55	34
11331212	55	44
11331213	55	49
11331221	55	43
11331222	55	53
11331223	55	58
11331231	55	49
11331232	55	59
11331233	55	64
11331311	54	39
11331312	54	49
11331313	54	54
11331321	54	48
11331322	54	58
11331323	54	63
11331331	54	54
11331332	54	64
11331333	54	69
11332111	57	79
11332112	57	69
11332113	57	82
11332121	57	70
11332122	57	60
11332123	57	73
11332131	57	84
11332132	57	74
11332133	57	87
11332211	61	72
11332212	61	62
11332213	61	75
11332221	61	63
11332222	61	53
11332223	61	66
11332231	61	77
11332232	61	67
11332233	61	80
11332311	60	87
11332312	60	77
11332313	60	90
11332321	60	78
11332322	60	68
11332323	60	81
11332331	60	92
11332332	60	82
11332333	60	95
11333111	48	73
11333112	48	71
11333113	48	58
11333121	48	72
11333122	48	70
11333123	48	57
11333131	48	58
11333132	48	56
11333133	48	43
11333211	53	76
11333212	53	74
11333213	53	61
11333221	53	75
11333222	53	73
11333223	53	60
11333231	53	61
11333232	53	59
11333233	53	46
11333311	41	61
11333312	41	59
11333313	41	46
11333321	41	60
11333322	41	58
11333323	41	45
11333331	41	46
11333332	41	44
11333333	41	31
12111111	5	8
12111112	5	18
12111113	5	23
12111121	5	17
12111122	5	27
12111123	5	32
12111131	5	23
12111132	5	33
12111133	5	38
12111211	4	15
12111212	4	25
12111213	4	30
12111221	4	24
12111222	4	34
12111223	4	39
12111231	4	30
12111232	4	40
12111233	4	45
12111311	16	20
12111312	16	30
12111313	16	35
12111321	16	29
12111322	16	39
12111323	16	44
12111331	16	35
12111332	16	45
12111333	16	50
12112111	21	62
12112112	21	52
12112113	21	65
12112121	21	53
12112122	21	43
12112123	21	56
12112131	21	67
12112132	21	57
12112133	21	70
12112211	20	55
12112212	20	45
12112213	20	58
12112221	20	46
12112222	20	36
12112223	20	49
12112231	20	60
12112232	20	50
12112233	20	63
12112311	32	70
12112312	32	60
12112313	32	73
12112321	32	61
12112322	32	51
12112323	32	64
12112331	32	75
12112332	32	65
12112333	32	78
12113111	47	98
12113112	47	96
12113113	47	83
12113121	47	97
12113122	47	95
12113123	47	82
12113131	47	83
12113132	47	81
12113133	47	68
12113211	47	101
12113212	47	99
12113213	47	86
12113221	47	100
12113222	47	98
12113223	47	85
12113231	47	86
12113232	47	84
12113233	47	71
12113311	48	86
12113312	48	84
12113313	48	71
12113321	48	85
12113322	48	83
12113323	48	70
12113331	48	71
12113332	48	69
12113333	48	56
12121111	33	20
12121112	33	30
12121113	33	35
12121121	33	29
12121122	33	39
12121123	33	44
12121131	33	35
12121132	33	45
12121133	33	50
12121211	32	27
12121212	32	37
12121213	32	42
12121221	32	36
12121222	32	46
12121223	32	51
12121231	32	42
12121232	32	52
12121233	32	57
12121311	44	32
12121312	44	42
12121313	44	47
12121321	44	41
12121322	44	51
12121323	44	56
12121331	44	47
12121332	44	57
12121333	44	62
12122111	37	50
12122112	37	40
12122113	37	53
12122121	37	41
12122122	37	31
12122123	37	44
12122131	37	55
12122132	37	45
12122133	37	58
12122211	36	43
12122212	36	33
12122213	36	46
12122221	36	34
12122222	36	24
12122223	36	37
12122231	36	48
12122232	36	38
12122233	36	51
12122311	48	58
12122312	48	48
12122313	48	61
12122321	48	49
12122322	48	39
12122323	48	52
12122331	48	63
12122332	48	53
12122333	48	66
12123111	66	98
12123112	66	96
12123113	66	83
12123121	66	97
12123122	66	95
12123123	66	82
12123131	66	83
12123132	66	81
12123133	66	68
12123211	66	101
12123212	66	99
12123213	66	86
12123221	66	100
12123222	66	98
12123223	66	85
12123231	66	86
12123232	66	84
12123233	66	71
12123311	67	86
12123312	67	84
12123313	67	71
12123321	67	85
12123322	67	83
12123323	67	70
12123331	67	71
12123332	67	69
12123333	67	56
12131111	35	21
12131112	35	31
12131113	35	36
12131121	35	30
12131122	35	40
12131123	35	45
12131131	35	36
12131132	35	46
12131133	35	51
12131211	34	28
12131212	34	38
12131213	34	43
12131221	34	37
12131222	34	47
12131223	34	52
12131231	34	43
12131232	34	53
12131233	34	58
12131311	46	33
12131312	46	43
12131313	46	48
12131321	46	42
12131322	46	52
12131323	46	57
12131331	46	48
12131332	46	58
12131333	46	63
12132111	43	63
12132112	43	53
12132113	43	66
12132121	43	54
12132122	43	44
12132123	43	57
12132131	43	68
12132132	43	58
12132133	43	71
12132211	42	56
12132212	42	46
12132213	42	59
12132221	42	47
12132222	42	37
12132223	42	50
12132231	42	61
12132232	42	51
12132233	42	64
12132311	54	71
12132312	54	61
12132313	54	74
12132321	54	62
12132322	54	52
12132323	54	65
12132331	54	76
12132332	54	66
12132333	54	79
12133111	60	85
12133112	60	83
12133113	60	70
12133121	60	84
12133122	60	82
12133123	60	69
12133131	60	70
12133132	60	68
12133133	60	55
12133211	60	88
12133212	60	86
12133213	60	73
12133221	60	87
12133222	60	85
12133223	60	72
12133231	60	73
12133232	60	71
12133233	60	58
12133311	61	73
12133312	61	71
12133313	61	58
12133321	61	72
12133322	61	70
12133323	61	57
12133331	61	58
12133332	61	56
12133333	61	43
12211111	9	14
12211112	9	24
12211113	9	29
12211121	9	23
12211122	9	33
12211123	9	38
12211131	9	29
12211132	9	39
12211133	9	44
12211211	8	21
12211212	8	31
12211213	8	36
12211221	8	30
12211222	8	40
12211223	8	45
12211231	8	36
12211232	8	46
12211233	8	51
12211311	20	26
12211312	20	36
12211313	20	41
12211321	20	35
12211322	20	45
12211323	20	50
12211331	20	41
12211332	20	51
12211333	20	56
12212111	23	56
12212112	23	46
12212113	23	59
12212121	23	47
12212122	23	37
12212123	23	50
12212131	23	61
12212132	23	51
12212133	23	64
12212211	22	49
12212212	22	39
12212213	22	52
12212221	22	40
12212222	22	30
12212223	22	43
12212231	22	54
12212232	22	44
12212233	22	57
12212311	34	64
12212312	34	54
12212313	34	67
12212321	34	55
12212322	34	45
12212323	34	58
12212331	34	69
12212332	34	59
12212333	34	72
12213111	49	98
12213112	49	96
12213113	49	83
12213121	49	97
12213122	49	95
12213123	49	82
12213131	49	83
12213132	49	81
12213133	49	68
12213211	49	101
12213212	49	99
12213213	49	86
12213221	49	100
12213222	49	98
12213223	49	85
12213231	49	86
12213232	49	84
12213233	49	71
12213311	50	86
12213312	50	84
12213313	50	71
12213321	50	85
12213322	50	83
12213323	50	70
12213331	50	71
12213332	50	69
12213333	50	56
12221111	23	26
12221112	23	36
12221113	23	41
12221121	23	35
12221122	23	45
12221123	23	50
12221131	23	41
12221132	23	51
12221133	23	56
12221211	22	33
12221212	22	43
12221213	22	48
12221221	22	42
12221222	22	52
12221223	22	57
12221231	22	48
12221232	22	58
12221233	22	63
12221311	34	38
12221312	34	48
12221313	34	53
12221321	34	47
12221322	34	57
12221323	34	62
12221331	34	53
12221332	34	63
12221333	34	68
12222111	25	44
12222112	25	34
12222113	25	47
12222121	25	35
12222122	25	25
12222123	25	38
12222131	25	49
12222132	25	39
12222133	25	52
12222211	24	37
12222212	24	27
12222213	24	40
12222221	24	28
12222222	24	18
12222223	24	31
12222231	24	42
12222232	24	32
12222233	24	45
12222311	36	52
12222312	36	42
12222313	36	55
12222321	36	43
12222322	36	33
12222323	36	46
12222331	36	57
12222332	36	47
12222333	36	60
12223111	54	98
12223112	54	96
12223113	54	83
12223121	54	97
12223122	54	95
12223123	54	82
12223131	54	83
12223132	54	81
12223133	54	68
12223211	54	101
12223212	54	99
12223213	54	86
12223221	54	100
12223222	54	98
12223223	54	85
12223231	54	86
12223232	54	84
12223233	54	71
12223311	55	86
12223312	55	84
12223313	55	71
12223321	55	85
12223322	55	83
12223323	55	70
12223331	55	71
12223332	55	69
12223333	55	56
12231111	32	27
12231112	32	37
12231113	32	42
12231121	32	36
12231122	32	46
12231123	32	51
12231131	32	42
12231132	32	52
12231133	32	57
12231211	31	34
12231212	31	44
12231213	31	49
12231221	31	43
12231222	31	53
12231223	31	58
12231231	31	49
12231232	31	59
12231233	31	64
12231311	43	39
12231312	43	49
12231313	43	54
12231321	43	48
12231322	43	58
12231323	43	63
12231331	43	54
12231332	43	64
12231333	43	69
12232111	38	57
12232112	38	47
12232113	38	60
12232121	38	48
12232122	38	38
12232123	38	51
12232131	38	62
12232132	38	52
12232133	38	65
12232211	37	50
12232212	37	40
12232213	37	53
12232221	37	41
12232222	37	31
12232223	37	44
12232231	37	55
12232232	37	45
12232233	37	58
12232311	49	65
12232312	49	55
12232313	49	68
12232321	49	56
12232322	49	46
12232323	49	59
12232331	49	70
12232332	49	60
12232333	49	73
12233111	55	85
12233112	55	83
12233113	55	70
12233121	55	84
12233122	55	82
12233123	55	69
12233131	55	70
12233132	55	68
12233133	55	55
12233211	55	88
12233212	55	86
12233213	55	73
12233221	55	87
12233222	55	85
12233223	55	72
12233231	55	73
12233232	55	71
12233233	55	58
12233311	56	73
12233312	56	71
12233313	56	58
12233321	56	72
12233322	56	70
12233323	56	57
12233331	56	58
12233332	56	56
12233333	56	43
12311111	32	22
12311112	32	32
12311113	32	37
12311121	32	31
12311122	32	41
12311123	32	46
12311131	32	37
12311132	32	47
12311133	32	52
12311211	34	29
12311212	34	39
12311213	34	44
12311221	34	38
12311222	34	48
12311223	34	53
12311231	34	44
12311232	34	54
12311233	34	59
12311311	35	34
12311312	35	44
12311313	35	49
12311321	35	43
12311322	35	53
12311323	35	58
12311331	35	49
12311332	35	59
12311333	35	64
12312111	46	70
12312112	46	60
12312113	46	73
12312121	46	61
12312122	46	51
12312123	46	64
12312131	46	75
12312132	46	65
12312133	46	78
12312211	48	63
12312212	48	53
12312213	48	66
12312221	48	54
12312222	48	44
12312223	48	57
12312231	48	68
12312232	48	58
12312233	48	71
12312311	49	78
12312312	49	68
12312313	49	81
12312321	49	69
12312322	49	59
12312323	49	72
12312331	49	83
12312332	49	73
12312333	49	86
12313111	46	84
12313112	46	82
12313113	46	69
12313121	46	83
12313122	46	81
12313123	46	68
12313131	46	69
12313132	46	67
12313133	46	54
12313211	49	87
12313212	49	85
12313213	49	72
12313221	49	86
12313222	49	84
12313223	49	71
12313231	49	72
12313232	49	70
12313233	49	57
12313311	39	72
12313312	39	70
12313313	39	57
12313321	39	71
12313322	39	69
12313323	39	56
12313331	39	57
12313332	39	55
12313333	39	42
12321111	53	34
12321112	53	44
12321113	53	49
12321121	53	43
12321122	53	53
12321123	53	58
12321131	53	49
12321132	53	59
12321133	53	64
12321211	55	41
12321212	55	51
12321213	55	56
12321221	55	50
12321222	55	60
12321223	55	65
12321231	55	56
12321232	55	66
12321233	55	71
12321311	56	46
12321312	56	56
12321313	56	61
12321321	56	55
12321322	56	65
12321323	56	70
12321331	56	61
12321332	56	71
12321333	56	76
12322111	55	58
12322112	55	48
12322113	55	61
12322121	55	49
12322122	55	39
12322123	55	52
12322131	55	63
12322132	55	53
12322133	55	66
12322211	57	51
12322212	57	41
12322213	57	54
12322221	57	42
12322222	57	32
12322223	57	45
12322231	57	56
12322232	57	46
12322233	57	59
12322311	58	66
12322312	58	56
12322313	58	69
12322321	58	57
12322322	58	47
12322323	58	60
12322331	58	71
12322332	58	61
12322333	58	74
12323111	58	84
12323112	58	82
12323113	58	69
12323121	58	83
12323122	58	81
12323123	58	68
12323131	58	69
12323132	58	67
12323133	58	54
12323211	61	87
12323212	61	85
12323213	61	72
12323221	61	86
12323222	61	84
12323223	61	71
12323231	61	72
12323232	61	70
12323233	61	57
12323311	51	72
12323312	51	70
12323313	51	57
12323321	51	71
12323322	51	69
12323323	51	56
12323331	51	57
12323332	51	55
12323333	51	42
12331111	52	35
12331112	52	45
12331113	52	50
12331121	52	44
12331122	52	54
12331123	52	59
12331131	52	50
12331132	52	60
12331133	52	65
12331211	54	42
12331212	54	52
12331213	54	57
12331221	54	51
12331222	54	61
12331223	54	66
12331231	54	57
12331232	54	67
12331233	54	72
12331311	55	47
12331312	55	57
12331313	55	62
12331321	55	56
12331322	55	66
12331323	55	71
12331331	55	62
12331332	55	72
12331333	55	77
12332111	58	71
12332112	58	61
12332113	58	74
12332121	58	62
12332122	58	52
12332123	58	65
12332131	58	76
12332132	58	66
12332133	58	79
12332211	60	64
12332212	60	54
12332213	60	67
12332221	60	55
12332222	60	45
12332223	60	58
12332231	60	69
12332232	60	59
12332233	60	72
12332311	61	79
12332312	61	69
12332313	61	82
12332321	61	70
12332322	61	60
12332323	61	73
12332331	61	84
12332332	61	74
12332333	61	87
12333111	49	71
12333112	49	69
12333113	49	56
12333121	49	70
12333122	49	68
12333123	49	55
12333131	49	56
12333132	49	54
12333133	49	41
12333211	52	74
12333212	52	72
12333213	52	59
12333221	52	73
12333222	52	71
12333223	52	58
12333231	52	59
12333232	52	57
12333233	52	44
12333311	42	59
12333312	42	57
12333313	42	44
12333321	42	58
12333322	42	56
12333323	42	43
12333331	42	44
12333332	42	42
12333333	42	29
13111111	21	14
13111112	21	24
13111113	21	29
13111121	21	23
13111122	21	33
13111123	21	38
13111131	21	29
13111132	21	39
13111133	21	44
13111211	22	21
13111212	22	31
13111213	22	36
13111221	22	30
13111222	22	40
13111223	22	45
13111231	22	36
13111232	22	46
13111233	22	51
13111311	28	26
13111312	28	36
13111313	28	41
13111321	28	35
13111322	28	45
13111323	28	50
13111331	28	41
13111332	28	51
13111333	28	56
13112111	36	74
13112112	36	64
13112113	36	77
13112121	36	65
13112122	36	55
13112123	36	68
13112131	36	79
13112132	36	69
13112133	36	82
13112211	37	67
13112212	37	57
13112213	37	70
13112221	37	58
13112222	37	48
13112223	37	61
13112231	37	72
13112232	37	62
13112233	37	75
13112311	43	82
13112312	43	72
13112313	43	85
13112321	43	73
13112322	43	63
13112323	43	76
13112331	43	87
13112332	43	77
13112333	43	90
13113111	58	86
13113112	58	84
13113113	58	71
13113121	58	85
13113122	58	83
13113123	58	70
13113131	58	71
13113132	58	69
13113133	58	56
13113211	60	89
13113212	60	87
13113213	60	74
13113221	60	88
13113222	60	86
13113223	60	73
13113231	60	74
13113232	60	72
13113233	60	59
13113311	55	74
13113312	55	72
13113313	55	59
13113321	55	73
13113322	55	71
13113323	55	58
13113331	55	59
13113332	55	57
13113333	55	44
13121111	49	26
13121112	49	36
13121113	49	41
13121121	49	35
13121122	49	45
13121123	49	50
13121131	49	41
13121132	49	51
13121133	49	56
13121211	50	33
13121212	50	43
13121213	50	48
13121221	50	42
13121222	50	52
13121223	50	57
13121231	50	48
13121232	50	58
13121233	50	63
13121311	56	38
13121312	56	48
13121313	56	53
13121321	56	47
13121322	56	57
13121323	56	62
13121331	56	53
13121332	56	63
13121333	56	68
13122111	52	62
13122112	52	52
13122113	52	65
13122121	52	53
13122122	52	43
13122123	52	56
13122131	52	67
13122132	52	57
13122133	52	70
13122211	53	55
13122212	53	45
13122213	53	58
13122221	53	46
13122222	53	36
13122223	53	49
13122231	53	60
13122232	53	50
13122233	53	63
13122311	59	70
13122312	59	60
13122313	59	73
13122321	59	61
13122322	59	51
13122323	59	64
13122331	59	75
13122332	59	65
13122333	59	78
13123111	77	86
13123112	77	84
13123113	77	71
13123121	77	85
13123122	77	83
13123123	77	70
13123131	77	71
13123132	77	69
13123133	77	56
13123211	79	89
13123212	79	87
13123213	79	74
13123221	79	88
13123222	79	86
13123223	79	73
13123231	79	74
13123232	79	72
13123233	79	59
13123311	74	74
13123312	74	72
13123313	74	59
13123321	74	73
13123322	74	71
13123323	74	58
13123331	74	59
13123332	74	57
13123333	74	44
13131111	45	27
13131112	45	37
13131113	45	42
13131121	45	36
13131122	45	46
13131123	45	51
13131131	45	42
13131132	45	52
13131133	45	57
13131211	46	34
13131212	46	44
13131213	46	49
13131221	46	43
13131222	46	53
13131223	46	58
13131231	46	49
13131232	46	59
13131233	46	64
13131311	52	39
13131312	52	49
13131313	52	54
13131321	52	48
13131322	52	58
13131323	52	63
13131331	52	54
13131332	52	64
13131333	52	69
13132111	52	75
13132112	52	65
13132113	52	78
13132121	52	66
13132122	52	56
13132123	52	69
13132131	52	80
13132132	52	70
13132133	52	83
13132211	53	68
13132212	53	58
13132213	53	71
13132221	53	59
13132222	53	49
13132223	53	62
13132231	53	73
13132232	53	63
13132233	53	76
13132311	59	83
13132312	59	73
13132313	59	86
13132321	59	74
13132322	59	64
13132323	59	77
13132331	59	88
13132332	59	78
13132333	59	91
13133111	65	73
13133112	65	71
13133113	65	58
13133121	65	72
13133122	65	70
13133123	65	57
13133131	65	58
13133132	65	56
13133133	65	43
13133211	67	76
13133212	67	74
13133213	67	61
13133221	67	75
13133222	67	73
13133223	67	60
13133231	67	61
13133232	67	59
13133233	67	46
13133311	62	61
13133312	62	59
13133313	62	46
13133321	62	60
13133322	62	58
13133323	62	45
13133331	62	46
13133332	62	44
13133333	62	31
13211111	29	20
13211112	29	30
13211113	29	35
13211121	29	29
13211122	29	39
13211123	29	44
13211131	29	35
13211132	29	45
13211133	29	50
13211211	30	27
13211212	30	37
13211213	30	42
13211221	30	36
13211222	30	46
13211223	30	51
13211231	30	42
13211232	30	52
13211233	30	57
13211311	36	32
13211312	36	42
13211313	36	47
13211321	36	41
13211322	36	51
13211323	36	56
13211331	36	47
13211332	36	57
13211333	36	62
13212111	42	68
13212112	42	58
13212113	42	71
13212121	42	59
13212122	42	49
13212123	42	62
13212131	42	73
13212132	42	63
13212133	42	76
13212211	43	61
13212212	43	51
13212213	43	64
13212221	43	52
13212222	43	42
13212223	43	55
13212231	43	66
13212232	43	56
13212233	43	69
13212311	49	76
13212312	49	66
13212313	49	79
13212321	49	67
13212322	49	57
13212323	49	70
13212331	49	81
13212332	49	71
13212333	49	84
13213111	64	86
13213112	64	84
13213113	64	71
13213121	64	85
13213122	64	83
13213123	64	70
13213131	64	71
13213132	64	69
13213133	64	56
13213211	66	89
13213212	66	87
13213213	66	74
13213221	66	88
13213222	66	86
13213223	66	73
13213231	66	74
13213232	66	72
13213233	66	59
13213311	61	74
13213312	61	72
13213313	61	59
13213321	61	73
13213322	61	71
13213323	61	58
13213331	61	59
13213332	61	57
13213333	61	44
13221111	43	32
13221112	43	42
13221113	43	47
13221121	43	41
13221122	43	51
13221123	43	56
13221131	43	47
13221132	43	57
13221133	43	62
13221211	44	39
13221212	44	49
13221213	44	54
13221221	44	48
13221222	44	58
13221223	44	63
13221231	44	54
13221232	44	64
13221233	44	69
13221311	50	44
13221312	50	54
13221313	50	59
13221321	50	53
13221322	50	63
13221323	50	68
13221331	50	59
13221332	50	69
13221333	50	74
13222111	44	56
13222112	44	46
13222113	44	59
13222121	44	47
13222122	44	37
13222123	44	50
13222131	44	61
13222132	44	51
13222133	44	64
13222211	45	49
13222212	45	39
13222213	45	52
13222221	45	40
13222222	45	30
13222223	45	43
13222231	45	54
13222232	45	44
13222233	45	57
13222311	51	64
13222312	51	54
13222313	51	67
13222321	51	55
13222322	51	45
13222323	51	58
13222331	51	69
13222332	51	59
13222333	51	72
13223111	69	86
13223112	69	84
13223113	69	71
13223121	69	85
13223122	69	83
13223123	69	70
13223131	69	71
13223132	69	69
13223133	69	56
13223211	71	89
13223212	71	87
13223213	71	74
13223221	71	88
13223222	71	86
13223223	71	73
13223231	71	74
13223232	71	72
13223233	71	59
13223311	66	74
13223312	66	72
13223313	66	59
13223321	66	73
13223322	66	71
13223323	66	58
13223331	66	59
13223332	66	57
13223333	66	44
13231111	46	33
13231112	46	43
13231113	46	48
13231121	46	42
13231122	46	52
13231123	46	57
13231131	46	48
13231132	46	58
13231133	46	63
13231211	47	40
13231212	47	50
13231213	47	55
13231221	47	49
13231222	47	59
13231223	47	64
13231231	47	55
13231232	47	65
13231233	47	70
13231311	53	45
13231312	53	55
13231313	53	60
13231321	53	54
13231322	53	64
13231323	53	69
13231331	53	60
13231332	53	70
13231333	53	75
13232111	51	69
13232112	51	59
13232113	51	72
13232121	51	60
13232122	51	50
13232123	51	63
13232131	51	74
13232132	51	64
13232133	51	77
13232211	52	62
13232212	52	52
13232213	52	65
13232221	52	53
13232222	52	43
13232223	52	56
13232231	52	67
13232232	52	57
13232233	52	70
13232311	58	77
13232312	58	67
13232313	58	80
13232321	58	68
13232322	58	58
13232323	58	71
13232331	58	82
13232332	58	72
13232333	58	85
13233111	64	73
13233112	64	71
13233113	64	58
13233121	64	72
13233122	64	70
13233123	64	57
13233131	64	58
13233132	64	56
13233133	64	43
13233211	66	76
13233212	66	74
13233213	66	61
13233221	66	75
13233222	66	73
13233223	66	60
13233231	66	61
13233232	66	59
13233233	66	46
13233311	61	61
13233312	61	59
13233313	61	46
13233321	61	60
13233322	61	58
13233323	61	45
13233331	61	46
13233332	61	44
13233333	61	31
13311111	36	28
13311112	36	38
13311113	36	43
13311121	36	37
13311122	36	47
13311123	36	52
13311131	36	43
13311132	36	53
13311133	36	58
13311211	40	35
13311212	40	45
13311213	40	50
13311221	40	44
13311222	40	54
13311223	40	59
13311231	40	50
13311232	40	60
13311233	40	65
13311311	35	40
13311312	35	50
13311313	35	55
13311321	35	49
13311322	35	59
13311323	35	64
13311331	35	55
13311332	35	65
13311333	35	70
13312111	49	82
13312112	49	72
13312113	49	85
13312121	49	73
13312122	49	63
13312123	49	76
13312131	49	87
13312132	49	77
13312133	49	90
13312211	53	75
13312212	53	65
13312213	53	78
13312221	53	66
13312222	53	56
13312223	53	69
13312231	53	80
13312232	53	70
13312233	53	83
13312311	48	90
13312312	48	80
13312313	48	93
13312321	48	81
13312322	48	71
13312323	48	84
13312331	48	95
13312332	48	85
13312333	48	98
13313111	45	72
13313112	45	70
13313113	45	57
13313121	45	71
13313122	45	69
13313123	45	56
13313131	45	57
13313132	45	55
13313133	45	42
13313211	50	75
13313212	50	73
13313213	50	60
13313221	50	74
13313222	50	72
13313223	50	59
13313231	50	60
13313232	50	58
13313233	50	45
13313311	34	60
13313312	34	58
13313313	34	45
13313321	34	59
13313322	34	57
13313323	34	44
13313331	34	45
13313332	34	43
13313333	34	30
13321111	57	40
13321112	57	50
13321113	57	55
13321121	57	49
13321122	57	59
13321123	57	64
13321131	57	55
13321132	57	65
13321133	57	70
13321211	61	47
13321212	61	57
13321213	61	62
13321221	61	56
13321222	61	66
13321223	61	71
13321231	61	62
13321232	61	72
13321233	61	77
13321311	56	52
13321312	56	62
13321313	56	67
13321321	56	61
13321322	56	71
13321323	56	76
13321331	56	67
13321332	56	77
13321333	56	82
13322111	58	70
13322112	58	60
13322113	58	73
13322121	58	61
13322122	58	51
13322123	58	64
13322131	58	75
13322132	58	65
13322133	58	78
13322211	62	63
13322212	62	53
13322213	62	66
13322221	62	54
13322222	62	44
13322223	62	57
13322231	62	68
13322232	62	58
13322233	62	71
13322311	57	78
13322312	57	68
13322313	57	81
13322321	57	69
13322322	57	59
13322323	57	72
13322331	57	83
13322332	57	73
13322333	57	86
13323111	57	72
13323112	57	70
13323113	57	57
13323121	57	71
13323122	57	69
13323123	57	56
13323131	57	57
13323132	57	55
13323133	57	42
13323211	62	75
13323212	62	73
13323213	62	60
13323221	62	74
13323222	62	72
13323223	62	59
13323231	62	60
13323232	62	58
13323233	62	45
13323311	46	60
13323312	46	58
13323313	46	45
13323321	46	59
13323322	46	57
13323323	46	44
13323331	46	45
13323332	46	43
13323333	46	30
13331111	50	41
13331112	50	51
13331113	50	56
13331121	50	50
13331122	50	60
13331123	50	65
13331131	50	56
13331132	50	66
13331133	50	71
13331211	54	48
13331212	54	58
13331213	54	63
13331221	54	57
13331222	54	67
13331223	54	72
13331231	54	63
13331232	54	73
13331233	54	78
13331311	49	53
13331312	49	63
13331313	49	68
13331321	49	62
13331322	49	72
13331323	49	77
13331331	49	68
13331332	49	78
13331333	49	83
13332111	55	83
13332112	55	73
13332113	55	86
13332121	55	74
13332122	55	64
13332123	55	77
13332131	55	88
13332132	55	78
13332133	55	91
13332211	59	76
13332212	59	66
13332213	59	79
13332221	59	67
13332222	59	57
13332223	59	70
13332231	59	81
13332232	59	71
13332233	59	84
13332311	54	91
13332312	54	81
13332313	54	94
13332321	54	82
13332322	54	72
13332323	54	85
13332331	54	96
13332332	54	86
13332333	54	99
13333111	42	59
13333112	42	57
13333113	42	44
13333121	42	58
13333122	42	56
13333123	42	43
13333131	42	44
13333132	42	42
13333133	42	29
13333211	47	62
13333212	47	60
13333213	47	47
13333221	47	61
13333222	47	59
13333223	47	46
13333231	47	47
13333232	47	45
13333233	47	32
13333311	31	47
13333312	31	45
13333313	31	32
13333321	31	46
13333322	31	44
13333323	31	31
13333331	31	32
13333332	31	30
13333333	31	17
21111111	22	18
21111112	22	28
21111113	22	33
21111121	22	27
21111122	22	37
21111123	22	42
21111131	22	33
21111132	22	43
21111133	22	48
21111211	23	25
21111212	23	35
21111213	23	40
21111221	23	34
21111222	23	44
21111223	23	49
21111231	23	40
21111232	23	50
21111233	23	55
21111311	33	30
21111312	33	40
21111313	33	45
21111321	33	39
21111322	33	49
21111323	33	54
21111331	33	45
21111332	33	55
21111333	33	60
21112111	20	52
21112112	20	42
21112113	20	55
21112121	20	43
21112122	20	33
21112123	20	46
21112131	20	57
21112132	20	47
21112133	20	60
21112211	21	45
21112212	21	35
21112213	21	48
21112221	21	36
21112222	21	26
21112223	21	39
21112231	21	50
21112232	21	40
21112233	21	53
21112311	31	60
21112312	31	50
21112313	31	63
21112321	31	51
21112322	31	41
21112323	31	54
21112331	31	65
21112332	31	55
21112333	31	68
21113111	44	87
21113112	44	85
21113113	44	72
21113121	44	86
21113122	44	84
21113123	44	71
21113131	44	72
21113132	44	70
21113133	44	57
21113211	46	90
21113212	46	88
21113213	46	75
21113221	46	89
21113222	46	87
21113223	46	74
21113231	46	75
21113232	46	73
21113233	46	60
21113311	45	75
21113312	45	73
21113313	45	60
21113321	45	74
21113322	45	72
21113323	45	59
21113331	45	60
21113332	45	58
21113333	45	45
21121111	22	30
21121112	22	40
21121113	22	45
21121121	22	39
21121122	22	49
21121123	22	54
21121131	22	45
21121132	22	55
21121133	22	60
21121211	23	37
21121212	23	47
21121213	23	52
21121221	23	46
21121222	23	56
21121223	23	61
21121231	23	52
21121232	23	62
21121233	23	67
21121311	33	42
21121312	33	52
21121313	33	57
21121321	33	51
21121322	33	61
21121323	33	66
21121331	33	57
21121332	33	67
21121333	33	72
21122111	8	40
21122112	8	30
21122113	8	43
21122121	8	31
21122122	8	21
21122123	8	34
21122131	8	45
21122132	8	35
21122133	8	48
21122211	9	33
21122212	9	23
21122213	9	36
21122221	9	24
21122222	9	14
21122223	9	27
21122231	9	38
21122232	9	28
21122233	9	41
21122311	19	48
21122312	19	38
21122313	19	51
21122321	19	39
21122322	19	29
21122323	19	42
21122331	19	53
21122332	19	43
21122333	19	56
21123111	35	87
21123112	35	85
21123113	35	72
21123121	35	86
21123122	35	84
21123123	35	71
21123131	35	72
21123132	35	70
21123133	35	57
21123211	37	90
21123212	37	88
21123213	37	75
21123221	37	89
21123222	37	87
21123223	37	74
21123231	37	75
21123232	37	73
21123233	37	60
21123311	36	75
21123312	36	73
21123313	36	60
21123321	36	74
21123322	36	72
21123323	36	59
21123331	36	60
21123332	36	58
21123333	36	45
21131111	28	31
21131112	28	41
21131113	28	46
21131121	28	40
21131122	28	50
21131123	28	55
21131131	28	46
21131132	28	56
21131133	28	61
21131211	29	38
21131212	29	48
21131213	29	53
21131221	29	47
21131222	29	57
21131223	29	62
21131231	29	53
21131232	29	63
21131233	29	68
21131311	39	43
21131312	39	53
21131313	39	58
21131321	39	52
21131322	39	62
21131323	39	67
21131331	39	58
21131332	39	68
21131333	39	73
21132111	18	53
21132112	18	43
21132113	18	56
21132121	18	44
21132122	18	34
21132123	18	47
21132131	18	58
21132132	18	48
21132133	18	61
21132211	19	46
21132212	19	36
21132213	19	49
21132221	19	37
21132222	19	27
21132223	19	40
21132231	19	51
21132232	19	41
21132233	19	54
21132311	29	61
21132312	29	51
21132313	29	64
21132321	29	52
21132322	29	42
21132323	29	55
21132331	29	66
21132332	29	56
21132333	29	69
21133111	33	74
21133112	33	72
21133113	33	59
21133121	33	73
21133122	33	71
21133123	33	58
21133131	33	59
21133132	33	57
21133133	33	44
21133211	35	77
21133212	35	75
21133213	35	62
21133221	35	76
21133222	35	74
21133223	35	61
21133231	35	62
21133232	35	60
21133233	35	47
21133311	34	62
21133312	34	60
21133313	34	47
21133321	34	61
21133322	34	59
21133323	34	46
21133331	34	47
21133332	34	45
21133333	34	32
21211111	33	24
21211112	33	34
21211113	33	39
21211121	33	33
21211122	33	43
21211123	33	48
21211131	33	39
21211132	33	49
21211133	33	54
21211211	34	31
21211212	34	41
21211213	34	46
21211221	34	40
21211222	34	50
21211223	34	55
21211231	34	46
21211232	34	56
21211233	34	61
21211311	44	36
21211312	44	46
21211313	44	51
21211321	44	45
21211322	44	55
21211323	44	60
21211331	44	51
21211332	44	61
21211333	44	66
21212111	29	46
21212112	29	36
21212113	29	49
21212121	29	37
21212122	29	27
21212123	29	40
21212131	29	51
21212132	29	41
21212133	29	54
21212211	30	39
21212212	30	29
21212213	30	42
21212221	30	30
21212222	30	20
21212223	30	33
21212231	30	44
21212232	30	34
21212233	30	47
21212311	40	54
21212312	40	44
21212313	40	57
21212321	40	45
21212322	40	35
21212323	40	48
21212331	40	59
21212332	40	49
21212333	40	62
21213111	53	87
21213112	53	85
21213113	53	72
21213121	53	86
21213122	53	84
21213123	53	71
21213131	53	72
21213132	53	70
21213133	53	57
21213211	55	90
21213212	55	88
21213213	55	75
21213221	55	89
21213222	55	87
21213223	55	74
21213231	55	75
21213232	55	73
21213233	55	60
21213311	54	75
21213312	54	73
21213313	54	60
21213321	54	74
21213322	54	72
21213323	54	59
21213331	54	60
21213332	54	58
21213333	54	45
21221111	19	36
21221112	19	46
21221113	19	51
21221121	19	45
21221122	19	55
21221123	19	60
21221131	19	51
21221132	19	61
21221133	19	66
21221211	20	43
21221212	20	53
21221213	20	58
21221221	20	52
21221222	20	62
21221223	20	67
21221231	20	58
21221232	20	68
21221233	20	73
21221311	30	48
21221312	30	58
21221313	30	63
21221321	30	57
21221322	30	67
21221323	30	72
21221331	30	63
21221332	30	73
21221333	30	78
21222111	3	34
21222112	3	24
21222113	3	37
21222121	3	25
21222122	3	15
21222123	3	28
21222131	3	39
21222132	3	29
21222133	3	42
21222211	4	27
21222212	4	17
21222213	4	30
21222221	4	18
21222222	4	8
21222223	4	21
21222231	4	32
21222232	4	22
21222233	4	35
21222311	14	42
21222312	14	32
21222313	14	45
21222321	14	33
21222322	14	23
21222323	14	36
21222331	14	47
21222332	14	37
21222333	14	50
21223111	30	87
21223112	30	85
21223113	30	72
21223121	30	86
21223122	30	84
21223123	30	71
21223131	30	72
21223132	30	70
21223133	30	57
21223211	32	90
21223212	32	88
21223213	32	75
21223221	32	89
21223222	32	87
21223223	32	74
21223231	32	75
21223232	32	73
21223233	32	60
21223311	31	75
21223312	31	73
21223313	31	60
21223321	31	74
21223322	31	72
21223323	31	59
21223331	31	60
21223332	31	58
21223333	31	45
21231111	32	37
21231112	32	47
21231113	32	52
21231121	32	46
21231122	32	56
21231123	32	61
21231131	32	52
21231132	32	62
21231133	32	67
21231211	33	44
21231212	33	54
21231213	33	59
21231221	33	53
21231222	33	63
21231223	33	68
21231231	33	59
21231232	33	69
21231233	33	74
21231311	43	49
21231312	43	59
21231313	43	64
21231321	43	58
21231322	43	68
21231323	43	73
21231331	43	64
21231332	43	74
21231333	43	79
21232111	20	47
21232112	20	37
21232113	20	50
21232121	20	38
21232122	20	28
21232123	20	41
21232131	20	52
21232132	20	42
21232133	20	55
21232211	21	40
21232212	21	30
21232213	21	43
21232221	21	31
21232222	21	21
21232223	21	34
21232231	21	45
21232232	21	35
21232233	21	48
21232311	31	55
21232312	31	45
21232313	31	58
21232321	31	46
21232322	31	36
21232323	31	49
21232331	31	60
21232332	31	50
21232333	31	63
21233111	35	74
21233112	35	72
21233113	35	59
21233121	35	73
21233122	35	71
21233123	35	58
21233131	35	59
21233132	35	57
21233133	35	44
21233211	37	77
21233212	37	75
21233213	37	62
21233221	37	76
21233222	37	74
21233223	37	61
21233231	37	62
21233232	37	60
21233233	37	47
21233311	36	62
21233312	36	60
21233313	36	47
21233321	36	61
21233322	36	59
21233323	36	46
21233331	36	47
21233332	36	45
21233333	36	32
21311111	53	32
21311112	53	42
21311113	53	47
21311121	53	41
21311122	53	51
21311123	53	56
21311131	53	47
21311132	53	57
21311133	53	62
21311211	57	39
21311212	57	49
21311213	57	54
21311221	57	48
21311222	57	58
21311223	57	63
21311231	57	54
21311232	57	64
21311233	57	69
21311311	56	44
21311312	56	54
21311313	56	59
21311321	56	53
21311322	56	63
21311323	56	68
21311331	56	59
21311332	56	69
21311333	56	74
21312111	49	60
21312112	49	50
21312113	49	63
21312121	49	51
21312122	49	41
21312123	49	54
21312131	49	65
21312132	49	55
21312133	49	68
21312211	53	53
21312212	53	43
21312213	53	56
21312221	53	44
21312222	53	34
21312223	53	47
21312231	53	58
21312232	53	48
21312233	53	61
21312311	52	68
21312312	52	58
21312313	52	71
21312321	52	59
21312322	52	49
21312323	52	62
21312331	52	73
21312332	52	63
21312333	52	76
21313111	47	73
21313112	47	71
21313113	47	58
21313121	47	72
21313122	47	70
21313123	47	57
21313131	47	58
21313132	47	56
21313133	47	43
21313211	52	76
21313212	52	74
21313213	52	61
21313221	52	75
21313222	52	73
21313223	52	60
21313231	52	61
21313232	52	59
21313233	52	46
21313311	40	61
21313312	40	59
21313313	40	46
21313321	40	60
21313322	40	58
21313323	40	45
21313331	40	46
21313332	40	44
21313333	40	31
21321111	46	44
21321112	46	54
21321113	46	59
21321121	46	53
21321122	46	63
21321123	46	68
21321131	46	59
21321132	46	69
21321133	46	74
21321211	50	51
21321212	50	61
21321213	50	66
21321221	50	60
21321222	50	70
21321223	50	75
21321231	50	66
21321232	50	76
21321233	50	81
21321311	49	56
21321312	49	66
21321313	49	71
21321321	49	65
21321322	49	75
21321323	49	80
21321331	49	71
21321332	49	81
21321333	49	86
21322111	30	48
21322112	30	38
21322113	30	51
21322121	30	39
21322122	30	29
21322123	30	42
21322131	30	53
21322132	30	43
21322133	30	56
21322211	34	41
21322212	34	31
21322213	34	44
21322221	34	32
21322222	34	22
21322223	34	35
21322231	34	46
21322232	34	36
21322233	34	49
21322311	33	56
21322312	33	46
21322313	33	59
21322321	33	47
21322322	33	37
21322323	33	50
21322331	33	61
21322332	33	51
21322333	33	64
21323111	31	73
21323112	31	71
21323113	31	58
21323121	31	72
21323122	31	70
21323123	31	57
21323131	31	58
21323132	31	56
21323133	31	43
21323211	36	76
21323212	36	74
21323213	36	61
21323221	36	75
21323222	36	73
21323223	36	60
21323231	36	61
21323232	36	59
21323233	36	46
21323311	24	61
21323312	24	59
21323313	24	46
21323321	24	60
21323322	24	58
21323323	24	45
21323331	24	46
21323332	24	44
21323333	24	31
21331111	49	45
21331112	49	55
21331113	49	60
21331121	49	54
21331122	49	64
21331123	49	69
21331131	49	60
21331132	49	70
21331133	49	75
21331211	53	52
21331212	53	62
21331213	53	67
21331221	53	61
21331222	53	71
21331223	53	76
21331231	53	67
21331232	53	77
21331233	53	82
21331311	52	57
21331312	52	67
21331313	52	72
21331321	52	66
21331322	52	76
21331323	52	81
21331331	52	72
21331332	52	82
21331333	52	87
21332111	37	61
21332112	37	51
21332113	37	64
21332121	37	52
21332122	37	42
21332123	37	55
21332131	37	66
21332132	37	56
21332133	37	69
21332211	41	54
21332212	41	44
21332213	41	57
21332221	41	45
21332222	41	35
21332223	41	48
21332231	41	59
21332232	41	49
21332233	41	62
21332311	40	69
21332312	40	59
21332313	40	72
21332321	40	60
21332322	40	50
21332323	40	63
21332331	40	74
21332332	40	64
21332333	40	77
21333111	26	60
21333112	26	58
21333113	26	45
21333121	26	59
21333122	26	57
21333123	26	44
21333131	26	45
21333132	26	43
21333133	26	30
21333211	31	63
21333212	31	61
21333213	31	48
21333221	31	62
21333222	31	60
21333223	31	47
21333231	31	48
21333232	31	46
21333233	31	33
21333311	19	48
21333312	19	46
21333313	19	33
21333321	19	47
21333322	19	45
21333323	19	32
21333331	19	33
21333332	19	31
21333333	19	18
22111111	27	26
22111112	27	36
22111113	27	41
22111121	27	35
22111122	27	45
22111123	27	50
22111131	27	41
22111132	27	51
22111133	27	56
22111211	26	33
22111212	26	43
22111213	26	48
22111221	26	42
22111222	26	52
22111223	26	57
22111231	26	48
22111232	26	58
22111233	26	63
22111311	38	38
22111312	38	48
22111313	38	53
22111321	38	47
22111322	38	57
22111323	38	62
22111331	38	53
22111332	38	63
22111333	38	68
22112111	25	44
22112112	25	34
22112113	25	47
22112121	25	35
22112122	25	25
22112123	25	38
22112131	25	49
22112132	25	39
22112133	25	52
22112211	24	37
22112212	24	27
22112213	24	40
22112221	24	28
22112222	24	18
22112223	24	31
22112231	24	42
22112232	24	32
22112233	24	45
22112311	36	52
22112312	36	42
22112313	36	55
22112321	36	43
22112322	36	33
22112323	36	46
22112331	36	57
22112332	36	47
22112333	36	60
22113111	49	85
22113112	49	83
22113113	49	70
22113121	49	84
22113122	49	82
22113123	49	69
22113131	49	70
22113132	49	68
22113133	49	55
22113211	49	88
22113212	49	86
22113213	49	73
22113221	49	87
22113222	49	85
22113223	49	72
22113231	49	73
22113232	49	71
22113233	49	58
22113311	50	73
22113312	50	71
22113313	50	58
22113321	50	72
22113322	50	70
22113323	50	57
22113331	50	58
22113332	50	56
22113333	50	43
22121111	27	38
22121112	27	48
22121113	27	53
22121121	27	47
22121122	27	57
22121123	27	62
22121131	27	53
22121132	27	63
22121133	27	68
22121211	26	45
22121212	26	55
22121213	26	60
22121221	26	54
22121222	26	64
22121223	26	69
22121231	26	60
22121232	26	70
22121233	26	75
22121311	38	50
22121312	38	60
22121313	38	65
22121321	38	59
22121322	38	69
22121323	38	74
22121331	38	65
22121332	38	75
22121333	38	80
22122111	13	32
22122112	13	22
22122113	13	35
22122121	13	23
22122122	13	13
22122123	13	26
22122131	13	37
22122132	13	27
22122133	13	40
22122211	12	25
22122212	12	15
22122213	12	28
22122221	12	16
22122222	12	6
22122223	12	19
22122231	12	30
22122232	12	20
22122233	12	33
22122311	24	40
22122312	24	30
22122313	24	43
22122321	24	31
22122322	24	21
22122323	24	34
22122331	24	45
22122332	24	35
22122333	24	48
22123111	40	85
22123112	40	83
22123113	40	70
22123121	40	84
22123122	40	82
22123123	40	69
22123131	40	70
22123132	40	68
22123133	40	55
22123211	40	88
22123212	40	86
22123213	40	73
22123221	40	87
22123222	40	85
22123223	40	72
22123231	40	73
22123232	40	71
22123233	40	58
22123311	41	73
22123312	41	71
22123313	41	58
22123321	41	72
22123322	41	70
22123323	41	57
22123331	41	58
22123332	41	56
22123333	41	43
22131111	33	39
22131112	33	49
22131113	33	54
22131121	33	48
22131122	33	58
22131123	33	63
22131131	33	54
22131132	33	64
22131133	33	69
22131211	32	46
22131212	32	56
22131213	32	61
22131221	32	55
22131222	32	65
22131223	32	70
22131231	32	61
22131232	32	71
22131233	32	76
22131311	44	51
22131312	44	61
22131313	44	66
22131321	44	60
22131322	44	70
22131323	44	75
22131331	44	66
22131332	44	76
22131333	44	81
22132111	23	45
22132112	23	35
22132113	23	48
22132121	23	36
22132122	23	26
22132123	23	39
22132131	23	50
22132132	23	40
22132133	23	53
22132211	22	38
22132212	22	28
22132213	22	41
22132221	22	29
22132222	22	19
22132223	22	32
22132231	22	43
22132232	22	33
22132233	22	46
22132311	34	53
22132312	34	43
22132313	34	56
22132321	34	44
22132322	34	34
22132323	34	47
22132331	34	58
22132332	34	48
22132333	34	61
22133111	38	72
22133112	38	70
22133113	38	57
22133121	38	71
22133122	38	69
22133123	38	56
22133131	38	57
22133132	38	55
22133133	38	42
22133211	38	75
22133212	38	73
22133213	38	60
22133221	38	74
22133222	38	72
22133223	38	59
22133231	38	60
22133232	38	58
22133233	38	45
22133311	39	60
22133312	39	58
22133313	39	45
22133321	39	59
22133322	39	57
22133323	39	44
22133331	39	45
22133332	39	43
22133333	39	30
22211111	31	32
22211112	31	42
22211113	31	47
22211121	31	41
22211122	31	51
22211123	31	56
22211131	31	47
22211132	31	57
22211133	31	62
22211211	30	39
22211212	30	49
22211213	30	54
22211221	30	48
22211222	30	58
22211223	30	63
22211231	30	54
22211232	30	64
22211233	30	69
22211311	42	44
22211312	42	54
22211313	42	59
22211321	42	53
22211322	42	63
22211323	42	68
22211331	42	59
22211332	42	69
22211333	42	74
22212111	27	38
22212112	27	28
22212113	27	41
22212121	27	29
22212122	27	19
22212123	27	32
22212131	27	43
22212132	27	33
22212133	27	46
22212211	26	31
22212212	26	21
22212213	26	34
22212221	26	22
22212222	26	12
22212223	26	25
22212231	26	36
22212232	26	26
22212233	26	39
22212311	38	46
22212312	38	36
22212313	38	49
22212321	38	37
22212322	38	27
22212323	38	40
22212331	38	51
22212332	38	41
22212333	38	54
22213111	51	85
22213112	51	83
22213113	51	70
22213121	51	84
22213122	51	82
22213123	51	69
22213131	51	70
22213132	51	68
22213133	51	55
22213211	51	88
22213212	51	86
22213213	51	73
22213221	51	87
22213222	51	85
22213223	51	72
22213231	51	73
22213232	51	71
22213233	51	58
22213311	52	73
22213312	52	71
22213313	52	58
22213321	52	72
22213322	52	70
22213323	52	57
22213331	52	58
22213332	52	56
22213333	52	43
22221111	17	44
22221112	17	54
22221113	17	59
22221121	17	53
22221122	17	63
22221123	17	68
22221131	17	59
22221132	17	69
22221133	17	74
22221211	16	51
22221212	16	61
22221213	16	66
22221221	16	60
22221222	16	70
22221223	16	75
22221231	16	66
22221232	16	76
22221233	16	81
22221311	28	56
22221312	28	66
22221313	28	71
22221321	28	65
22221322	28	75
22221323	28	80
22221331	28	71
22221332	28	81
22221333	28	86
22222111	1	26
22222112	1	16
22222113	1	29
22222121	1	17
22222122	1	7
22222123	1	20
22222131	1	31
22222132	1	21
22222133	1	34
22222211	0	19
22222212	0	9
22222213	0	22
22222221	0	10
22222222	0	0
22222223	0	13
22222231	0	24
22222232	0	14
22222233	0	27
22222311	12	34
22222312	12	24
22222313	12	37
22222321	12	25
22222322	12	15
22222323	12	28
22222331	12	39
22222332	12	29
22222333	12	42
22223111	28	85
22223112	28	83
22223113	28	70
22223121	28	84
22223122	28	82
22223123	28	69
22223131	28	70
22223132	28	68
22223133	28	55
22223211	28	88
22223212	28	86
22223213	28	73
22223221	28	87
22223222	28	85
22223223	28	72
22223231	28	73
22223232	28	71
22223233	28	58
22223311	29	73
22223312	29	71
22223313	29	58
22223321	29	72
22223322	29	70
22223323	29	57
22223331	29	58
22223332	29	56
22223333	29	43
22231111	30	45
22231112	30	55
22231113	30	60
22231121	30	54
22231122	30	64
22231123	30	69
22231131	30	60
22231132	30	70
22231133	30	75
22231211	29	52
22231212	29	62
22231213	29	67
22231221	29	61
22231222	29	71
22231223	29	76
22231231	29	67
22231232	29	77
22231233	29	82
22231311	41	57
22231312	41	67
22231313	41	72
22231321	41	66
22231322	41	76
22231323	41	81
22231331	41	72
22231332	41	82
22231333	41	87
22232111	18	39
22232112	18	29
22232113	18	42
22232121	18	30
22232122	18	20
22232123	18	33
22232131	18	44
22232132	18	34
22232133	18	47
22232211	17	32
22232212	17	22
22232213	17	35
22232221	17	23
22232222	17	13
22232223	17	26
22232231	17	37
22232232	17	27
22232233	17	40
22232311	29	47
22232312	29	37
22232313	29	50
22232321	29	38
22232322	29	28
22232323	29	41
22232331	29	52
22232332	29	42
22232333	29	55
22233111	33	72
22233112	33	70
22233113	33	57
22233121	33	71
22233122	33	69
22233123	33	56
22233131	33	57
22233132	33	55
22233133	33	42
22233211	33	75
22233212	33	73
22233213	33	60
22233221	33	74
22233222	33	72
22233223	33	59
22233231	33	60
22233232	33	58
22233233	33	45
22233311	34	60
22233312	34	58
22233313	34	45
22233321	34	59
22233322	34	57
22233323	34	44
22233331	34	45
22233332	34	43
22233333	34	30
22311111	54	40
22311112	54	50
22311113	54	55
22311121	54	49
22311122	54	59
22311123	54	64
22311131	54	55
22311132	54	65
22311133	54	70
22311211	56	47
22311212	56	57
22311213	56	62
22311221	56	56
22311222	56	66
22311223	56	71
22311231	56	62
22311232	56	72
22311233	56	77
22311311	57	52
22311312	57	62
22311313	57	67
22311321	57	61
22311322	57	71
22311323	57	76
22311331	57	67
22311332	57	77
22311333	57	82
22312111	50	52
22312112	50	42
22312113	50	55
22312121	50	43
22312122	50	33
22312123	50	46
22312131	50	57
22312132	50	47
22312133	50	60
22312211	52	45
22312212	52	35
22312213	52	48
22312221	52	36
22312222	52	26
22312223	52	39
22312231	52	50
22312232	52	40
22312233	52	53
22312311	53	60
22312312	53	50
22312313	53	63
22312321	53	51
22312322	53	41
22312323	53	54
22312331	53	65
22312332	53	55
22312333	53	68
22313111	48	71
22313112	48	69
22313113	48	56
22313121	48	70
22313122	48	68
22313123	48	55
22313131	48	56
22313132	48	54
22313133	48	41
22313211	51	74
22313212	51	72
22313213	51	59
22313221	51	73
22313222	51	71
22313223	51	58
22313231	51	59
22313232	51	57
22313233	51	44
22313311	41	59
22313312	41	57
22313313	41	44
22313321	41	58
22313322	41	56
22313323	41	43
22313331	41	44
22313332	41	42
22313333	41	29
22321111	47	52
22321112	47	62
22321113	47	67
22321121	47	61
22321122	47	71
22321123	47	76
22321131	47	67
22321132	47	77
22321133	47	82
22321211	49	59
22321212	49	69
22321213	49	74
22321221	49	68
22321222	49	78
22321223	49	83
22321231	49	74
22321232	49	84
22321233	49	89
22321311	50	64
22321312	50	74
22321313	50	79
22321321	50	73
22321322	50	83
22321323	50	88
22321331	50	79
22321332	50	89
22321333	50	94
22322111	31	40
22322112	31	30
22322113	31	43
22322121	31	31
22322122	31	21
22322123	31	34
22322131	31	45
22322132	31	35
22322133	31	48
22322211	33	33
22322212	33	23
22322213	33	36
22322221	33	24
22322222	33	14
22322223	33	27
22322231	33	38
22322232	33	28
22322233	33	41
22322311	34	48
22322312	34	38
22322313	34	51
22322321	34	39
22322322	34	29
22322323	34	42
22322331	34	53
22322332	34	43
22322333	34	56
22323111	32	71
22323112	32	69
22323113	32	56
22323121	32	70
22323122	32	68
22323123	32	55
22323131	32	56
22323132	32	54
22323133	32	41
22323211	35	74
22323212	35	72
22323213	35	59
22323221	35	73
22323222	35	71
22323223	35	58
22323231	35	59
22323232	35	57
22323233	35	44
22323311	25	59
22323312	25	57
22323313	25	44
22323321	25	58
22323322	25	56
22323323	25	43
22323331	25	44
22323332	25	42
22323333	25	29
22331111	50	53
22331112	50	63
22331113	50	68
22331121	50	62
22331122	50	72
22331123	50	77
22331131	50	68
22331132	50	78
22331133	50	83
22331211	52	60
22331212	52	70
22331213	52	75
22331221	52	69
22331222	52	79
22331223	52	84
22331231	52	75
22331232	52	85
22331233	52	90
22331311	53	65
22331312	53	75
22331313	53	80
22331321	53	74
22331322	53	84
22331323	53	89
22331331	53	80
22331332	53	90
22331333	53	95
22332111	38	53
22332112	38	43
22332113	38	56
22332121	38	44
22332122	38	34
22332123	38	47
22332131	38	58
22332132	38	48
22332133	38	61
22332211	40	46
22332212	40	36
22332213	40	49
22332221	40	37
22332222	40	27
22332223	40	40
22332231	40	51
22332232	40	41
22332233	40	54
22332311	41	61
22332312	41	51
22332313	41	64
22332321	41	52
22332322	41	42
22332323	41	55
22332331	41	66
22332332	41	56
22332333	41	69
22333111	27	58
22333112	27	56
22333113	27	43
22333121	27	57
22333122	27	55
22333123	27	42
22333131	27	43
22333132	27	41
22333133	27	28
22333211	30	61
22333212	30	59
22333213	30	46
22333221	30	60
22333222	30	58
22333223	30	45
22333231	30	46
22333232	30	44
22333233	30	31
22333311	20	46
22333312	20	44
22333313	20	31
22333321	20	45
22333322	20	43
22333323	20	30
22333331	20	31
22333332	20	29
22333333	20	16
23111111	41	32
23111112	41	42
23111113	41	47
23111121	41	41
23111122	41	51
23111123	41	56
23111131	41	47
23111132	41	57
23111133	41	62
23111211	42	39
23111212	42	49
23111213	42	54
23111221	42	48
23111222	42	58
23111223	42	63
23111231	42	54
23111232	42	64
23111233	42	69
23111311	48	44
23111312	48	54
23111313	48	59
23111321	48	53
23111322	48	63
23111323	48	68
23111331	48	59
23111332	48	69
23111333	48	74
23112111	38	56
23112112	38	46
23112113	38	59
23112121	38	47
23112122	38	37
23112123	38	50
23112131	38	61
23112132	38	51
23112133	38	64
23112211	39	49
23112212	39	39
23112213	39	52
23112221	39	40
23112222	39	30
23112223	39	43
23112231	39	54
23112232	39	44
23112233	39	57
23112311	45	64
23112312	45	54
23112313	45	67
23112321	45	55
23112322	45	45
23112323	45	58
23112331	45	69
23112332	45	59
23112333	45	72
23113111	58	73
23113112	58	71
23113113	58	58
23113121	58	72
23113122	58	70
23113123	58	57
23113131	58	58
23113132	58	56
23113133	58	43
23113211	60	76
23113212	60	74
23113213	60	61
23113221	60	75
23113222	60	73
23113223	60	60
23113231	60	61
23113232	60	59
23113233	60	46
23113311	55	61
23113312	55	59
23113313	55	46
23113321	55	60
23113322	55	58
23113323	55	45
23113331	55	46
23113332	55	44
23113333	55	31
23121111	41	44
23121112	41	54
23121113	41	59
23121121	41	53
23121122	41	63
23121123	41	68
23121131	41	59
23121132	41	69
23121133	41	74
23121211	42	51
23121212	42	61
23121213	42	66
23121221	42	60
23121222	42	70
23121223	42	75
23121231	42	66
23121232	42	76
23121233	42	81
23121311	48	56
23121312	48	66
23121313	48	71
23121321	48	65
23121322	48	75
23121323	48	80
23121331	48	71
23121332	48	81
23121333	48	86
23122111	26	44
23122112	26	34
23122113	26	47
23122121	26	35
23122122	26	25
23122123	26	38
23122131	26	49
23122132	26	39
23122133	26	52
23122211	27	37
23122212	27	27
23122213	27	40
23122221	27	28
23122222	27	18
23122223	27	31
23122231	27	42
23122232	27	32
23122233	27	45
23122311	33	52
23122312	33	42
23122313	33	55
23122321	33	43
23122322	33	33
23122323	33	46
23122331	33	57
23122332	33	47
23122333	33	60
23123111	49	73
23123112	49	71
23123113	49	58
23123121	49	72
23123122	49	70
23123123	49	57
23123131	49	58
23123132	49	56
23123133	49	43
23123211	51	76
23123212	51	74
23123213	51	61
23123221	51	75
23123222	51	73
23123223	51	60
23123231	51	61
23123232	51	59
23123233	51	46
23123311	46	61
23123312	46	59
23123313	46	46
23123321	46	60
23123322	46	58
23123323	46	45
23123331	46	46
23123332	46	44
23123333	46	31
23131111	41	45
23131112	41	55
23131113	41	60
23131121	41	54
23131122	41	64
23131123	41	69
23131131	41	60
23131132	41	70
23131133	41	75
23131211	42	52
23131212	42	62
23131213	42	67
23131221	42	61
23131222	42	71
23131223	42	76
23131231	42	67
23131232	42	77
23131233	42	82
23131311	48	57
23131312	48	67
23131313	48	72
23131321	48	66
23131322	48	76
23131323	48	81
23131331	48	72
23131332	48	82
23131333	48	87
23132111	30	57
23132112	30	47
23132113	30	60
23132121	30	48
23132122	30	38
23132123	30	51
23132131	30	62
23132132	30	52
23132133	30	65
23132211	31	50
23132212	31	40
23132213	31	53
23132221	31	41
23132222	31	31
23132223	31	44
23132231	31	55
23132232	31	45
23132233	31	58
23132311	37	65
23132312	37	55
23132313	37	68
23132321	37	56
23132322	37	46
23132323	37	59
23132331	37	70
23132332	37	60
23132333	37	73
23133111	41	60
23133112	41	58
23133113	41	45
23133121	41	59
23133122	41	57
23133123	41	44
23133131	41	45
23133132	41	43
23133133	41	30
23133211	43	63
23133212	43	61
23133213	43	48
23133221	43	62
23133222	43	60
23133223	43	47
23133231	43	48
23133232	43	46
23133233	43	33
23133311	38	48
23133312	38	46
23133313	38	33
23133321	38	47
23133322	38	45
23133323	38	32
23133331	38	33
23133332	38	31
23133333	38	18
23211111	49	38
23211112	49	48
23211113	49	53
23211121	49	47
23211122	49	57
23211123	49	62
23211131	49	53
23211132	49	63
23211133	49	68
23211211	50	45
23211212	50	55
23211213	50	60
23211221	50	54
23211222	50	64
23211223	50	69
23211231	50	60
23211232	50	70
23211233	50	75
23211311	56	50
23211312	56	60
23211313	56	65
23211321	56	59
23211322	56	69
23211323	56	74
23211331	56	65
23211332	56	75
23211333	56	80
23212111	44	50
23212112	44	40
23212113	44	53
23212121	44	41
23212122	44	31
23212123	44	44
23212131	44	55
23212132	44	45
23212133	44	58
23212211	45	43
23212212	45	33
23212213	45	46
23212221	45	34
23212222	45	24
23212223	45	37
23212231	45	48
23212232	45	38
23212233	45	51
23212311	51	58
23212312	51	48
23212313	51	61
23212321	51	49
23212322	51	39
23212323	51	52
23212331	51	63
23212332	51	53
23212333	51	66
23213111	64	73
23213112	64	71
23213113	64	58
23213121	64	72
23213122	64	70
23213123	64	57
23213131	64	58
23213132	64	56
23213133	64	43
23213211	66	76
23213212	66	74
23213213	66	61
23213221	66	75
23213222	66	73
23213223	66	60
23213231	66	61
23213232	66	59
23213233	66	46
23213311	61	61
23213312	61	59
23213313	61	46
23213321	61	60
23213322	61	58
23213323	61	45
23213331	61	46
23213332	61	44
23213333	61	31
23221111	35	50
23221112	35	60
23221113	35	65
23221121	35	59
23221122	35	69
23221123	35	74
23221131	35	65
23221132	35	75
23221133	35	80
23221211	36	57
23221212	36	67
23221213	36	72
23221221	36	66
23221222	36	76
23221223	36	81
23221231	36	72
23221232	36	82
23221233	36	87
23221311	42	62
23221312	42	72
23221313	42	77
23221321	42	71
23221322	42	81
23221323	42	86
23221331	42	77
23221332	42	87
23221333	42	92
23222111	18	38
23222112	18	28
23222113	18	41
23222121	18	29
23222122	18	19
23222123	18	32
23222131	18	43
23222132	18	33
23222133	18	46
23222211	19	31
23222212	19	21
23222213	19	34
23222221	19	22
23222222	19	12
23222223	19	25
23222231	19	36
23222232	19	26
23222233	19	39
23222311	25	46
23222312	25	36
23222313	25	49
23222321	25	37
23222322	25	27
23222323	25	40
23222331	25	51
23222332	25	41
23222333	25	54
23223111	41	73
23223112	41	71
23223113	41	58
23223121	41	72
23223122	41	70
23223123	41	57
23223131	41	58
23223132	41	56
23223133	41	43
23223211	43	76
23223212	43	74
23223213	43	61
23223221	43	75
23223222	43	73
23223223	43	60
23223231	43	61
23223232	43	59
23223233	43	46
23223311	38	61
23223312	38	59
23223313	38	46
23223321	38	60
23223322	38	58
23223323	38	45
23223331	38	46
23223332	38	44
23223333	38	31
23231111	42	51
23231112	42	61
23231113	42	66
23231121	42	60
23231122	42	70
23231123	42	75
23231131	42	66
23231132	42	76
23231133	42	81
23231211	43	58
23231212	43	68
23231213	43	73
23231221	43	67
23231222	43	77
23231223	43	82
23231231	43	73
23231232	43	83
23231233	43	88
23231311	49	63
23231312	49	73
23231313	49	78
23231321	49	72
23231322	49	82
23231323	49	87
23231331	49	78
23231332	49	88
23231333	49	93
23232111	29	51
23232112	29	41
23232113	29	54
23232121	29	42
23232122	29	32
23232123	29	45
23232131	29	56
23232132	29	46
23232133	29	59
23232211	30	44
23232212	30	34
23232213	30	47
23232221	30	35
23232222	30	25
23232223	30	38
23232231	30	49
23232232	30	39
23232233	30	52
23232311	36	59
23232312	36	49
23232313	36	62
23232321	36	50
23232322	36	40
23232323	36	53
23232331	36	64
23232332	36	54
23232333	36	67
23233111	40	60
23233112	40	58
23233113	40	45
23233121	40	59
23233122	40	57
23233123	40	44
23233131	40	45
23233132	40	43
23233133	40	30
23233211	42	63
23233212	42	61
23233213	42	48
23233221	42	62
23233222	42	60
23233223	42	47
23233231	42	48
23233232	42	46
23233233	42	33
23233311	37	48
23233312	37	46
23233313	37	33
23233321	37	47
23233322	37	45
23233323	37	32
23233331	37	33
23233332	37	31
23233333	37	18
23311111	56	46
23311112	56	56
23311113	56	61
23311121	56	55
23311122	56	65
23311123	56	70
23311131	56	61
23311132	56	71
23311133	56	76
23311211	60	53
23311212	60	63
23311213	60	68
23311221	60	62
23311222	60	72
23311223	60	77
23311231	60	68
23311232	60	78
23311233	60	83
23311311	55	58
23311312	55	68
23311313	55	73
23311321	55	67
23311322	55	77
23311323	55	82
23311331	55	73
23311332	55	83
23311333	55	88
23312111	51	64
23312112	51	54
23312113	51	67
23312121	51	55
23312122	51	45
23312123	51	58
23312131	51	69
23312132	51	59
23312133	51	72
23312211	55	57
23312212	55	47
23312213	55	60
23312221	55	48
23312222	55	38
23312223	55	51
23312231	55	62
23312232	55	52
23312233	55	65
23312311	50	72
23312312	50	62
23312313	50	75
23312321	50	63
23312322	50	53
23312323	50	66
23312331	50	77
23312332	50	67
23312333	50	80
23313111	45	59
23313112	45	57
23313113	45	44
23313121	45	58
23313122	45	56
23313123	45	43
23313131	45	44
23313132	45	42
23313133	45	29
23313211	50	62
23313212	50	60
23313213	50	47
23313221	50	61
23313222	50	59
23313223	50	46
23313231	50	47
23313232	50	45
23313233	50	32
23313311	34	47
23313312	34	45
23313313	34	32
23313321	34	46
23313322	34	44
23313323	34	31
23313331	34	32
23313332	34	30
23313333	34	17
23321111	49	58
23321112	49	68
23321113	49	73
23321121	49	67
23321122	49	77
23321123	49	82
23321131	49	73
23321132	49	83
23321133	49	88
23321211	53	65
23321212	53	75
23321213	53	80
23321221	53	74
23321222	53	84
23321223	53	89
23321231	53	80
23321232	53	90
23321233	53	95
23321311	48	70
23321312	48	80
23321313	48	85
23321321	48	79
23321322	48	89
23321323	48	94
23321331	48	85
23321332	48	95
23321333	48	100
23322111	32	52
23322112	32	42
23322113	32	55
23322121	32	43
23322122	32	33
23322123	32	46
23322131	32	57
23322132	32	47
23322133	32	60
23322211	36	45
23322212	36	35
23322213	36	48
23322221	36	36
23322222	36	26
23322223	36	39
23322231	36	50
23322232	36	40
23322233	36	53
23322311	31	60
23322312	31	50
23322313	31	63
23322321	31	51
23322322	31	41
23322323	31	54
23322331	31	65
23322332	31	55
23322333	31	68
23323111	29	59
23323112	29	57
23323113	29	44
23323121	29	58
23323122	29	56
23323123	29	43
23323131	29	44
23323132	29	42
23323133	29	29
23323211	34	62
23323212	34	60
23323213	34	47
23323221	34	61
23323222	34	59
23323223	34	46
23323231	34	47
23323232	34	45
23323233	34	32
23323311	18	47
23323312	18	45
23323313	18	32
23323321	18	46
23323322	18	44
23323323	18	31
23323331	18	32
23323332	18	30
23323333	18	17
23331111	46	59
23331112	46	69
23331113	46	74
23331121	46	68
23331122	46	78
23331123	46	83
23331131	46	74
23331132	46	84
23331133	46	89
23331211	50	66
23331212	50	76
23331213	50	81
23331221	50	75
23331222	50	85
23331223	50	90
23331231	50	81
23331232	50	91
23331233	50	96
23331311	45	71
23331312	45	81
23331313	45	86
23331321	45	80
23331322	45	90
23331323	45	95
23331331	45	86
23331332	45	96
23331333	45	99
23332111	33	65
23332112	33	55
23332113	33	68
23332121	33	56
23332122	33	46
23332123	33	59
23332131	33	70
23332132	33	60
23332133	33	73
23332211	37	58
23332212	37	48
23332213	37	61
23332221	37	49
23332222	37	39
23332223	37	52
23332231	37	63
23332232	37	53
23332233	37	66
23332311	32	73
23332312	32	63
23332313	32	76
23332321	32	64
23332322	32	54
23332323	32	67
23332331	32	78
23332332	32	68
23332333	32	81
23333111	18	46
23333112	18	44
23333113	18	31
23333121	18	45
23333122	18	43
23333123	18	30
23333131	18	31
23333132	18	29
23333133	18	16
23333211	23	49
23333212	23	47
23333213	23	34
23333221	23	48
23333222	23	46
23333223	23	33
23333231	23	34
23333232	23	32
23333233	23	19
23333311	7	34
23333312	7	32
23333313	7	19
23333321	7	33
23333322	7	31
23333323	7	18
23333331	7	19
23333332	7	17
23333333	7	4
31111111	25	17
31111112	25	27
31111113	25	32
31111121	25	26
31111122	25	36
31111123	25	41
31111131	25	32
31111132	25	42
31111133	25	47
31111211	26	24
31111212	26	34
31111213	26	39
31111221	26	33
31111222	26	43
31111223	26	48
31111231	26	39
31111232	26	49
31111233	26	54
31111311	36	29
31111312	36	39
31111313	36	44
31111321	36	38
31111322	36	48
31111323	36	53
31111331	36	44
31111332	36	54
31111333	36	59
31112111	24	56
31112112	24	46
31112113	24	59
31112121	24	47
31112122	24	37
31112123	24	50
31112131	24	61
31112132	24	51
31112133	24	64
31112211	25	49
31112212	25	39
31112213	25	52
31112221	25	40
31112222	25	30
31112223	25	43
31112231	25	54
31112232	25	44
31112233	25	57
31112311	35	64
31112312	35	54
31112313	35	67
31112321	35	55
31112322	35	45
31112323	35	58
31112331	35	69
31112332	35	59
31112333	35	72
31113111	46	83
31113112	46	81
31113113	46	68
31113121	46	82
31113122	46	80
31113123	46	67
31113131	46	68
31113132	46	66
31113133	46	53
31113211	48	86
31113212	48	84
31113213	48	71
31113221	48	85
31113222	48	83
31113223	48	70
31113231	48	71
31113232	48	69
31113233	48	56
31113311	47	71
31113312	47	69
31113313	47	56
31113321	47	70
31113322	47	68
31113323	47	55
31113331	47	56
31113332	47	54
31113333	47	41
31121111	28	29
31121112	28	39
31121113	28	44
31121121	28	38
31121122	28	48
31121123	28	53
31121131	28	44
31121132	28	54
31121133	28	59
31121211	29	36
31121212	29	46
31121213	29	51
31121221	29	45
31121222	29	55
31121223	29	60
31121231	29	51
31121232	29	61
31121233	29	66
31121311	39	41
31121312	39	51
31121313	39	56
31121321	39	50
31121322	39	60
31121323	39	65
31121331	39	56
31121332	39	66
31121333	39	71
31122111	15	44
31122112	15	34
31122113	15	47
31122121	15	35
31122122	15	25
31122123	15	38
31122131	15	49
31122132	15	39
31122133	15	52
31122211	16	37
31122212	16	27
31122213	16	40
31122221	16	28
31122222	16	18
31122223	16	31
31122231	16	42
31122232	16	32
31122233	16	45
31122311	26	52
31122312	26	42
31122313	26	55
31122321	26	43
31122322	26	33
31122323	26	46
31122331	26	57
31122332	26	47
31122333	26	60
31123111	40	83
31123112	40	81
31123113	40	68
31123121	40	82
31123122	40	80
31123123	40	67
31123131	40	68
31123132	40	66
31123133	40	53
31123211	42	86
31123212	42	84
31123213	42	71
31123221	42	85
31123222	42	83
31123223	42	70
31123231	42	71
31123232	42	69
31123233	42	56
31123311	41	71
31123312	41	69
31123313	41	56
31123321	41	70
31123322	41	68
31123323	41	55
31123331	41	56
31123332	41	54
31123333	41	41
31131111	28	30
31131112	28	40
31131113	28	45
31131121	28	39
31131122	28	49
31131123	28	54
31131131	28	45
31131132	28	55
31131133	28	60
31131211	29	37
31131212	29	47
31131213	29	52
31131221	29	46
31131222	29	56
31131223	29	61
31131231	29	52
31131232	29	62
31131233	29	67
31131311	39	42
31131312	39	52
31131313	39	57
31131321	39	51
31131322	39	61
31131323	39	66
31131331	39	57
31131332	39	67
31131333	39	72
31132111	19	57
31132112	19	47
31132113	19	60
31132121	19	48
31132122	19	38
31132123	19	51
31132131	19	62
31132132	19	52
31132133	19	65
31132211	20	50
31132212	20	40
31132213	20	53
31132221	20	41
31132222	20	31
31132223	20	44
31132231	20	55
31132232	20	45
31132233	20	58
31132311	30	65
31132312	30	55
31132313	30	68
31132321	30	56
31132322	30	46
31132323	30	59
31132331	30	70
31132332	30	60
31132333	30	73
31133111	32	70
31133112	32	68
31133113	32	55
31133121	32	69
31133122	32	67
31133123	32	54
31133131	32	55
31133132	32	53
31133133	32	40
31133211	34	73
31133212	34	71
31133213	34	58
31133221	34	72
31133222	34	70
31133223	34	57
31133231	34	58
31133232	34	56
31133233	34	43
31133311	33	58
31133312	33	56
31133313	33	43
31133321	33	57
31133322	33	55
31133323	33	42
31133331	33	43
31133332	33	41
31133333	33	28
31211111	36	23
31211112	36	33
31211113	36	38
31211121	36	32
31211122	36	42
31211123	36	47
31211131	36	38
31211132	36	48
31211133	36	53
31211211	37	30
31211212	37	40
31211213	37	45
31211221	37	39
31211222	37	49
31211223	37	54
31211231	37	45
31211232	37	55
31211233	37	60
31211311	47	35
31211312	47	45
31211313	47	50
31211321	47	44
31211322	47	54
31211323	47	59
31211331	47	50
31211332	47	60
31211333	47	65
31212111	33	50
31212112	33	40
31212113	33	53
31212121	33	41
31212122	33	31
31212123	33	44
31212131	33	55
31212132	33	45
31212133	33	58
31212211	34	43
31212212	34	33
31212213	34	46
31212221	34	34
31212222	34	24
31212223	34	37
31212231	34	48
31212232	34	38
31212233	34	51
31212311	44	58
31212312	44	48
31212313	44	61
31212321	44	49
31212322	44	39
31212323	44	52
31212331	44	63
31212332	44	53
31212333	44	66
31213111	55	83
31213112	55	81
31213113	55	68
31213121	55	82
31213122	55	80
31213123	55	67
31213131	55	68
31213132	55	66
31213133	55	53
31213211	57	86
31213212	57	84
31213213	57	71
31213221	57	85
31213222	57	83
31213223	57	70
31213231	57	71
31213232	57	69
31213233	57	56
31213311	56	71
31213312	56	69
31213313	56	56
31213321	56	70
31213322	56	68
31213323	56	55
31213331	56	56
31213332	56	54
31213333	56	41
31221111	25	35
31221112	25	45
31221113	25	50
31221121	25	44
31221122	25	54
31221123	25	59
31221131	25	50
31221132	25	60
31221133	25	65
31221211	26	42
31221212	26	52
31221213	26	57
31221221	26	51
31221222	26	61
31221223	26	66
31221231	26	57
31221232	26	67
31221233	26	72
31221311	36	47
31221312	36	57
31221313	36	62
31221321	36	56
31221322	36	66
31221323	36	71
31221331	36	62
31221332	36	72
31221333	36	77
31222111	10	38
31222112	10	28
31222113	10	41
31222121	10	29
31222122	10	19
31222123	10	32
31222131	10	43
31222132	10	33
31222133	10	46
31222211	11	31
31222212	11	21
31222213	11	34
31222221	11	22
31222222	11	12
31222223	11	25
31222231	11	36
31222232	11	26
31222233	11	39
31222311	21	46
31222312	21	36
31222313	21	49
31222321	21	37
31222322	21	27
31222323	21	40
31222331	21	51
31222332	21	41
31222333	21	54
31223111	35	83
31223112	35	81
31223113	35	68
31223121	35	82
31223122	35	80
31223123	35	67
31223131	35	68
31223132	35	66
31223133	35	53
31223211	37	86
31223212	37	84
31223213	37	71
31223221	37	85
31223222	37	83
31223223	37	70
31223231	37	71
31223232	37	69
31223233	37	56
31223311	36	71
31223312	36	69
31223313	36	56
31223321	36	70
31223322	36	68
31223323	36	55
31223331	36	56
31223332	36	54
31223333	36	41
31231111	32	36
31231112	32	46
31231113	32	51
31231121	32	45
31231122	32	55
31231123	32	60
31231131	32	51
31231132	32	61
31231133	32	66
31231211	33	43
31231212	33	53
31231213	33	58
31231221	33	52
31231222	33	62
31231223	33	67
31231231	33	58
31231232	33	68
31231233	33	73
31231311	43	48
31231312	43	58
31231313	43	63
31231321	43	57
31231322	43	67
31231323	43	72
31231331	43	63
31231332	43	73
31231333	43	78
31232111	21	51
31232112	21	41
31232113	21	54
31232121	21	42
31232122	21	32
31232123	21	45
31232131	21	56
31232132	21	46
31232133	21	59
31232211	22	44
31232212	22	34
31232213	22	47
31232221	22	35
31232222	22	25
31232223	22	38
31232231	22	49
31232232	22	39
31232233	22	52
31232311	32	59
31232312	32	49
31232313	32	62
31232321	32	50
31232322	32	40
31232323	32	53
31232331	32	64
31232332	32	54
31232333	32	67
31233111	34	70
31233112	34	68
31233113	34	55
31233121	34	69
31233122	34	67
31233123	34	54
31233131	34	55
31233132	34	53
31233133	34	40
31233211	36	73
31233212	36	71
31233213	36	58
31233221	36	72
31233222	36	70
31233223	36	57
31233231	36	58
31233232	36	56
31233233	36	43
31233311	35	58
31233312	35	56
31233313	35	43
31233321	35	57
31233322	35	55
31233323	35	42
31233331	35	43
31233332	35	41
31233333	35	28
31311111	56	31
31311112	56	41
31311113	56	46
31311121	56	40
31311122	56	50
31311123	56	55
31311131	56	46
31311132	56	56
31311133	56	61
31311211	60	38
31311212	60	48
31311213	60	53
31311221	60	47
31311222	60	57
31311223	60	62
31311231	60	53
31311232	60	63
31311233	60	68
31311311	59	43
31311312	59	53
31311313	59	58
31311321	59	52
31311322	59	62
31311323	59	67
31311331	59	58
31311332	59	68
31311333	59	73
31312111	53	64
31312112	53	54
31312113	53	67
31312121	53	55
31312122	53	45
31312123	53	58
31312131	53	69
31312132	53	59
31312133	53	72
31312211	57	57
31312212	57	47
31312213	57	60
31312221	57	48
31312222	57	38
31312223	57	51
31312231	57	62
31312232	57	52
31312233	57	65
31312311	56	72
31312312	56	62
31312313	56	75
31312321	56	63
31312322	56	53
31312323	56	66
31312331	56	77
31312332	56	67
31312333	56	80
31313111	49	69
31313112	49	67
31313113	49	54
31313121	49	68
31313122	49	66
31313123	49	53
31313131	49	54
31313132	49	52
31313133	49	39
31313211	54	72
31313212	54	70
31313213	54	57
31313221	54	71
31313222	54	69
31313223	54	56
31313231	54	57
31313232	54	55
31313233	54	42
31313311	42	57
31313312	42	55
31313313	42	42
31313321	42	56
31313322	42	54
31313323	42	41
31313331	42	42
31313332	42	40
31313333	42	27
31321111	52	43
31321112	52	53
31321113	52	58
31321121	52	52
31321122	52	62
31321123	52	67
31321131	52	58
31321132	52	68
31321133	52	73
31321211	56	50
31321212	56	60
31321213	56	65
31321221	56	59
31321222	56	69
31321223	56	74
31321231	56	65
31321232	56	75
31321233	56	80
31321311	55	55
31321312	55	65
31321313	55	70
31321321	55	64
31321322	55	74
31321323	55	79
31321331	55	70
31321332	55	80
31321333	55	85
31322111	37	52
31322112	37	42
31322113	37	55
31322121	37	43
31322122	37	33
31322123	37	46
31322131	37	57
31322132	37	47
31322133	37	60
31322211	41	45
31322212	41	35
31322213	41	48
31322221	41	36
31322222	41	26
31322223	41	39
31322231	41	50
31322232	41	40
31322233	41	53
31322311	40	60
31322312	40	50
31322313	40	63
31322321	40	51
31322322	40	41
31322323	40	54
31322331	40	65
31322332	40	55
31322333	40	68
31323111	36	69
31323112	36	67
31323113	36	54
31323121	36	68
31323122	36	66
31323123	36	53
31323131	36	54
31323132	36	52
31323133	36	39
31323211	41	72
31323212	41	70
31323213	41	57
31323221	41	71
31323222	41	69
31323223	41	56
31323231	41	57
31323232	41	55
31323233	41	42
31323311	29	57
31323312	29	55
31323313	29	42
31323321	29	56
31323322	29	54
31323323	29	41
31323331	29	42
31323332	29	40
31323333	29	27
31331111	49	44
31331112	49	54
31331113	49	59
31331121	49	53
31331122	49	63
31331123	49	68
31331131	49	59
31331132	49	69
31331133	49	74
31331211	53	51
31331212	53	61
31331213	53	66
31331221	53	60
31331222	53	70
31331223	53	75
31331231	53	66
31331232	53	76
31331233	53	81
31331311	52	56
31331312	52	66
31331313	52	71
31331321	52	65
31331322	52	75
31331323	52	80
31331331	52	71
31331332	52	81
31331333	52	86
31332111	38	65
31332112	38	55
31332113	38	68
31332121	38	56
31332122	38	46
31332123	38	59
31332131	38	70
31332132	38	60
31332133	38	73
31332211	42	58
31332212	42	48
31332213	42	61
31332221	42	49
31332222	42	39
31332223	42	52
31332231	42	63
31332232	42	53
31332233	42	66
31332311	41	73
31332312	41	63
31332313	41	76
31332321	41	64
31332322	41	54
31332323	41	67
31332331	41	78
31332332	41	68
31332333	41	81
31333111	25	56
31333112	25	54
31333113	25	41
31333121	25	55
31333122	25	53
31333123	25	40
31333131	25	41
31333132	25	39
31333133	25	26
31333211	30	59
31333212	30	57
31333213	30	44
31333221	30	58
31333222	30	56
31333223	30	43
31333231	30	44
31333232	30	42
31333233	30	29
31333311	18	44
31333312	18	42
31333313	18	29
31333321	18	43
31333322	18	41
31333323	18	28
31333331	18	29
31333332	18	27
31333333	18	14
32111111	30	25
32111112	30	35
32111113	30	40
32111121	30	34
32111122	30	44
32111123	30	49
32111131	30	40
32111132	30	50
32111133	30	55
32111211	29	32
32111212	29	42
32111213	29	47
32111221	29	41
32111222	29	51
32111223	29	56
32111231	29	47
32111232	29	57
32111233	29	62
32111311	41	37
32111312	41	47
32111313	41	52
32111321	41	46
32111322	41	56
32111323	41	61
32111331	41	52
32111332	41	62
32111333	41	67
32112111	29	48
32112112	29	38
32112113	29	51
32112121	29	39
32112122	29	29
32112123	29	42
32112131	29	53
32112132	29	43
32112133	29	56
32112211	28	41
32112212	28	31
32112213	28	44
32112221	28	32
32112222	28	22
32112223	28	35
32112231	28	46
32112232	28	36
32112233	28	49
32112311	40	56
32112312	40	46
32112313	40	59
32112321	40	47
32112322	40	37
32112323	40	50
32112331	40	61
32112332	40	51
32112333	40	64
32113111	51	81
32113112	51	79
32113113	51	66
32113121	51	80
32113122	51	78
32113123	51	65
32113131	51	66
32113132	51	64
32113133	51	51
32113211	51	84
32113212	51	82
32113213	51	69
32113221	51	83
32113222	51	81
32113223	51	68
32113231	51	69
32113232	51	67
32113233	51	54
32113311	52	69
32113312	52	67
32113313	52	54
32113321	52	68
32113322	52	66
32113323	52	53
32113331	52	54
32113332	52	52
32113333	52	39
32121111	33	37
32121112	33	47
32121113	33	52
32121121	33	46
32121122	33	56
32121123	33	61
32121131	33	52
32121132	33	62
32121133	33	67
32121211	32	44
32121212	32	54
32121213	32	59
32121221	32	53
32121222	32	63
32121223	32	68
32121231	32	59
32121232	32	69
32121233	32	74
32121311	44	49
32121312	44	59
32121313	44	64
32121321	44	58
32121322	44	68
32121323	44	73
32121331	44	64
32121332	44	74
32121333	44	79
32122111	20	36
32122112	20	26
32122113	20	39
32122121	20	27
32122122	20	17
32122123	20	30
32122131	20	41
32122132	20	31
32122133	20	44
32122211	19	29
32122212	19	19
32122213	19	32
32122221	19	20
32122222	19	10
32122223	19	23
32122231	19	34
32122232	19	24
32122233	19	37
32122311	31	44
32122312	31	34
32122313	31	47
32122321	31	35
32122322	31	25
32122323	31	38
32122331	31	49
32122332	31	39
32122333	31	52
32123111	45	81
32123112	45	79
32123113	45	66
32123121	45	80
32123122	45	78
32123123	45	65
32123131	45	66
32123132	45	64
32123133	45	51
32123211	45	84
32123212	45	82
32123213	45	69
32123221	45	83
32123222	45	81
32123223	45	68
32123231	45	69
32123232	45	67
32123233	45	54
32123311	46	69
32123312	46	67
32123313	46	54
32123321	46	68
32123322	46	66
32123323	46	53
32123331	46	54
32123332	46	52
32123333	46	39
32131111	33	38
32131112	33	48
32131113	33	53
32131121	33	47
32131122	33	57
32131123	33	62
32131131	33	53
32131132	33	63
32131133	33	68
32131211	32	45
32131212	32	55
32131213	32	60
32131221	32	54
32131222	32	64
32131223	32	69
32131231	32	60
32131232	32	70
32131233	32	75
32131311	44	50
32131312	44	60
32131313	44	65
32131321	44	59
32131322	44	69
32131323	44	74
32131331	44	65
32131332	44	75
32131333	44	80
32132111	24	49
32132112	24	39
32132113	24	52
32132121	24	40
32132122	24	30
32132123	24	43
32132131	24	54
32132132	24	44
32132133	24	57
32132211	23	42
32132212	23	32
32132213	23	45
32132221	23	33
32132222	23	23
32132223	23	36
32132231	23	47
32132232	23	37
32132233	23	50
32132311	35	57
32132312	35	47
32132313	35	60
32132321	35	48
32132322	35	38
32132323	35	51
32132331	35	62
32132332	35	52
32132333	35	65
32133111	37	68
32133112	37	66
32133113	37	53
32133121	37	67
32133122	37	65
32133123	37	52
32133131	37	53
32133132	37	51
32133133	37	38
32133211	37	71
32133212	37	69
32133213	37	56
32133221	37	70
32133222	37	68
32133223	37	55
32133231	37	56
32133232	37	54
32133233	37	41
32133311	38	56
32133312	38	54
32133313	38	41
32133321	38	55
32133322	38	53
32133323	38	40
32133331	38	41
32133332	38	39
32133333	38	26
32211111	34	31
32211112	34	41
32211113	34	46
32211121	34	40
32211122	34	50
32211123	34	55
32211131	34	46
32211132	34	56
32211133	34	61
32211211	33	38
32211212	33	48
32211213	33	53
32211221	33	47
32211222	33	57
32211223	33	62
32211231	33	53
32211232	33	63
32211233	33	68
32211311	45	43
32211312	45	53
32211313	45	58
32211321	45	52
32211322	45	62
32211323	45	67
32211331	45	58
32211332	45	68
32211333	45	73
32212111	31	42
32212112	31	32
32212113	31	45
32212121	31	33
32212122	31	23
32212123	31	36
32212131	31	47
32212132	31	37
32212133	31	50
32212211	30	35
32212212	30	25
32212213	30	38
32212221	30	26
32212222	30	16
32212223	30	29
32212231	30	40
32212232	30	30
32212233	30	43
32212311	42	50
32212312	42	40
32212313	42	53
32212321	42	41
32212322	42	31
32212323	42	44
32212331	42	55
32212332	42	45
32212333	42	58
32213111	53	81
32213112	53	79
32213113	53	66
32213121	53	80
32213122	53	78
32213123	53	65
32213131	53	66
32213132	53	64
32213133	53	51
32213211	53	84
32213212	53	82
32213213	53	69
32213221	53	83
32213222	53	81
32213223	53	68
32213231	53	69
32213232	53	67
32213233	53	54
32213311	54	69
32213312	54	67
32213313	54	54
32213321	54	68
32213322	54	66
32213323	54	53
32213331	54	54
32213332	54	52
32213333	54	39
32221111	23	43
32221112	23	53
32221113	23	58
32221121	23	52
32221122	23	62
32221123	23	67
32221131	23	58
32221132	23	68
32221133	23	73
32221211	22	50
32221212	22	60
32221213	22	65
32221221	22	59
32221222	22	69
32221223	22	74
32221231	22	65
32221232	22	75
32221233	22	80
32221311	34	55
32221312	34	65
32221313	34	70
32221321	34	64
32221322	34	74
32221323	34	79
32221331	34	70
32221332	34	80
32221333	34	85
32222111	8	30
32222112	8	20
32222113	8	33
32222121	8	21
32222122	8	11
32222123	8	24
32222131	8	35
32222132	8	25
32222133	8	38
32222211	7	23
32222212	7	13
32222213	7	26
32222221	7	14
32222222	7	4
32222223	7	17
32222231	7	28
32222232	7	18
32222233	7	31
32222311	19	38
32222312	19	28
32222313	19	41
32222321	19	29
32222322	19	19
32222323	19	32
32222331	19	43
32222332	19	33
32222333	19	46
32223111	33	81
32223112	33	79
32223113	33	66
32223121	33	80
32223122	33	78
32223123	33	65
32223131	33	66
32223132	33	64
32223133	33	51
32223211	33	84
32223212	33	82
32223213	33	69
32223221	33	83
32223222	33	81
32223223	33	68
32223231	33	69
32223232	33	67
32223233	33	54
32223311	34	69
32223312	34	67
32223313	34	54
32223321	34	68
32223322	34	66
32223323	34	53
32223331	34	54
32223332	34	52
32223333	34	39
32231111	30	44
32231112	30	54
32231113	30	59
32231121	30	53
32231122	30	63
32231123	30	68
32231131	30	59
32231132	30	69
32231133	30	74
32231211	29	51
32231212	29	61
32231213	29	66
32231221	29	60
32231222	29	70
32231223	29	75
32231231	29	66
32231232	29	76
32231233	29	81
32231311	41	56
32231312	41	66
32231313	41	71
32231321	41	65
32231322	41	75
32231323	41	80
32231331	41	71
32231332	41	81
32231333	41	86
32232111	19	43
32232112	19	33
32232113	19	46
32232121	19	34
32232122	19	24
32232123	19	37
32232131	19	48
32232132	19	38
32232133	19	51
32232211	18	36
32232212	18	26
32232213	18	39
32232221	18	27
32232222	18	17
32232223	18	30
32232231	18	41
32232232	18	31
32232233	18	44
32232311	30	51
32232312	30	41
32232313	30	54
32232321	30	42
32232322	30	32
32232323	30	45
32232331	30	56
32232332	30	46
32232333	30	59
32233111	32	68
32233112	32	66
32233113	32	53
32233121	32	67
32233122	32	65
32233123	32	52
32233131	32	53
32233132	32	51
32233133	32	38
32233211	32	71
32233212	32	69
32233213	32	56
32233221	32	70
32233222	32	68
32233223	32	55
32233231	32	56
32233232	32	54
32233233	32	41
32233311	33	56
32233312	33	54
32233313	33	41
32233321	33	55
32233322	33	53
32233323	33	40
32233331	33	41
32233332	33	39
32233333	33	26
32311111	57	39
32311112	57	49
32311113	57	54
32311121	57	48
32311122	57	58
32311123	57	63
32311131	57	54
32311132	57	64
32311133	57	69
32311211	59	46
32311212	59	56
32311213	59	61
32311221	59	55
32311222	59	65
32311223	59	70
32311231	59	61
32311232	59	71
32311233	59	76
32311311	60	51
32311312	60	61
32311313	60	66
32311321	60	60
32311322	60	70
32311323	60	75
32311331	60	66
32311332	60	76
32311333	60	81
32312111	54	56
32312112	54	46
32312113	54	59
32312121	54	47
32312122	54	37
32312123	54	50
32312131	54	61
32312132	54	51
32312133	54	64
32312211	56	49
32312212	56	39
32312213	56	52
32312221	56	40
32312222	56	30
32312223	56	43
32312231	56	54
32312232	56	44
32312233	56	57
32312311	57	64
32312312	57	54
32312313	57	67
32312321	57	55
32312322	57	45
32312323	57	58
32312331	57	69
32312332	57	59
32312333	57	72
32313111	50	67
32313112	50	65
32313113	50	52
32313121	50	66
32313122	50	64
32313123	50	51
32313131	50	52
32313132	50	50
32313133	50	37
32313211	53	70
32313212	53	68
32313213	53	55
32313221	53	69
32313222	53	67
32313223	53	54
32313231	53	55
32313232	53	53
32313233	53	40
32313311	43	55
32313312	43	53
32313313	43	40
32313321	43	54
32313322	43	52
32313323	43	39
32313331	43	40
32313332	43	38
32313333	43	25
32321111	53	51
32321112	53	61
32321113	53	66
32321121	53	60
32321122	53	70
32321123	53	75
32321131	53	66
32321132	53	76
32321133	53	81
32321211	55	58
32321212	55	68
32321213	55	73
32321221	55	67
32321222	55	77
32321223	55	82
32321231	55	73
32321232	55	83
32321233	55	88
32321311	56	63
32321312	56	73
32321313	56	78
32321321	56	72
32321322	56	82
32321323	56	87
32321331	56	78
32321332	56	88
32321333	56	93
32322111	38	44
32322112	38	34
32322113	38	47
32322121	38	35
32322122	38	25
32322123	38	38
32322131	38	49
32322132	38	39
32322133	38	52
32322211	40	37
32322212	40	27
32322213	40	40
32322221	40	28
32322222	40	18
32322223	40	31
32322231	40	42
32322232	40	32
32322233	40	45
32322311	41	52
32322312	41	42
32322313	41	55
32322321	41	43
32322322	41	33
32322323	41	46
32322331	41	57
32322332	41	47
32322333	41	60
32323111	37	67
32323112	37	65
32323113	37	52
32323121	37	66
32323122	37	64
32323123	37	51
32323131	37	52
32323132	37	50
32323133	37	37
32323211	40	70
32323212	40	68
32323213	40	55
32323221	40	69
32323222	40	67
32323223	40	54
32323231	40	55
32323232	40	53
32323233	40	40
32323311	30	55
32323312	30	53
32323313	30	40
32323321	30	54
32323322	30	52
32323323	30	39
32323331	30	40
32323332	30	38
32323333	30	25
32331111	50	52
32331112	50	62
32331113	50	67
32331121	50	61
32331122	50	71
32331123	50	76
32331131	50	67
32331132	50	77
32331133	50	82
32331211	52	59
32331212	52	69
32331213	52	74
32331221	52	68
32331222	52	78
32331223	52	83
32331231	52	74
32331232	52	84
32331233	52	89
32331311	53	64
32331312	53	74
32331313	53	79
32331321	53	73
32331322	53	83
32331323	53	88
32331331	53	79
32331332	53	89
32331333	53	94
32332111	39	57
32332112	39	47
32332113	39	60
32332121	39	48
32332122	39	38
32332123	39	51
32332131	39	62
32332132	39	52
32332133	39	65
32332211	41	50
32332212	41	40
32332213	41	53
32332221	41	41
32332222	41	31
32332223	41	44
32332231	41	55
32332232	41	45
32332233	41	58
32332311	42	65
32332312	42	55
32332313	42	68
32332321	42	56
32332322	42	46
32332323	42	59
32332331	42	70
32332332	42	60
32332333	42	73
32333111	26	54
32333112	26	52
32333113	26	39
32333121	26	53
32333122	26	51
32333123	26	38
32333131	26	39
32333132	26	37
32333133	26	24
32333211	29	57
32333212	29	55
32333213	29	42
32333221	29	56
32333222	29	54
32333223	29	41
32333231	29	42
32333232	29	40
32333233	29	27
32333311	19	42
32333312	19	40
32333313	19	27
32333321	19	41
32333322	19	39
32333323	19	26
32333331	19	27
32333332	19	25
32333333	19	12
33111111	38	31
33111112	38	41
33111113	38	46
33111121	38	40
33111122	38	50
33111123	38	55
33111131	38	46
33111132	38	56
33111133	38	61
33111211	39	38
33111212	39	48
33111213	39	53
33111221	39	47
33111222	39	57
33111223	39	62
33111231	39	53
33111232	39	63
33111233	39	68
33111311	45	43
33111312	45	53
33111313	45	58
33111321	45	52
33111322	45	62
33111323	45	67
33111331	45	58
33111332	45	68
33111333	45	73
33112111	36	60
33112112	36	50
33112113	36	63
33112121	36	51
33112122	36	41
33112123	36	54
33112131	36	65
33112132	36	55
33112133	36	68
33112211	37	53
33112212	37	43
33112213	37	56
33112221	37	44
33112222	37	34
33112223	37	47
33112231	37	58
33112232	37	48
33112233	37	61
33112311	43	68
33112312	43	58
33112313	43	71
33112321	43	59
33112322	43	49
33112323	43	62
33112331	43	73
33112332	43	63
33112333	43	76
33113111	54	69
33113112	54	67
33113113	54	54
33113121	54	68
33113122	54	66
33113123	54	53
33113131	54	54
33113132	54	52
33113133	54	39
33113211	56	72
33113212	56	70
33113213	56	57
33113221	56	71
33113222	56	69
33113223	56	56
33113231	56	57
33113232	56	55
33113233	56	42
33113311	51	57
33113312	51	55
33113313	51	42
33113321	51	56
33113322	51	54
33113323	51	41
33113331	51	42
33113332	51	40
33113333	51	27
33121111	41	43
33121112	41	53
33121113	41	58
33121121	41	52
33121122	41	62
33121123	41	67
33121131	41	58
33121132	41	68
33121133	41	73
33121211	42	50
33121212	42	60
33121213	42	65
33121221	42	59
33121222	42	69
33121223	42	74
33121231	42	65
33121232	42	75
33121233	42	80
33121311	48	55
33121312	48	65
33121313	48	70
33121321	48	64
33121322	48	74
33121323	48	79
33121331	48	70
33121332	48	80
33121333	48	85
33122111	27	48
33122112	27	38
33122113	27	51
33122121	27	39
33122122	27	29
33122123	27	42
33122131	27	53
33122132	27	43
33122133	27	56
33122211	28	41
33122212	28	31
33122213	28	44
33122221	28	32
33122222	28	22
33122223	28	35
33122231	28	46
33122232	28	36
33122233	28	49
33122311	34	56
33122312	34	46
33122313	34	59
33122321	34	47
33122322	34	37
33122323	34	50
33122331	34	61
33122332	34	51
33122333	34	64
33123111	48	69
33123112	48	67
33123113	48	54
33123121	48	68
33123122	48	66
33123123	48	53
33123131	48	54
33123132	48	52
33123133	48	39
33123211	50	72
33123212	50	70
33123213	50	57
33123221	50	71
33123222	50	69
33123223	50	56
33123231	50	57
33123232	50	55
33123233	50	42
33123311	45	57
33123312	45	55
33123313	45	42
33123321	45	56
33123322	45	54
33123323	45	41
33123331	45	42
33123332	45	40
33123333	45	27
33131111	35	44
33131112	35	54
33131113	35	59
33131121	35	53
33131122	35	63
33131123	35	68
33131131	35	59
33131132	35	69
33131133	35	74
33131211	36	51
33131212	36	61
33131213	36	66
33131221	36	60
33131222	36	70
33131223	36	75
33131231	36	66
33131232	36	76
33131233	36	81
33131311	42	56
33131312	42	66
33131313	42	71
33131321	42	65
33131322	42	75
33131323	42	80
33131331	42	71
33131332	42	81
33131333	42	86
33132111	25	61
33132112	25	51
33132113	25	64
33132121	25	52
33132122	25	42
33132123	25	55
33132131	25	66
33132132	25	56
33132133	25	69
33132211	26	54
33132212	26	44
33132213	26	57
33132221	26	45
33132222	26	35
33132223	26	48
33132231	26	59
33132232	26	49
33132233	26	62
33132311	32	69
33132312	32	59
33132313	32	72
33132321	32	60
33132322	32	50
33132323	32	63
33132331	32	74
33132332	32	64
33132333	32	77
33133111	34	56
33133112	34	54
33133113	34	41
33133121	34	55
33133122	34	53
33133123	34	40
33133131	34	41
33133132	34	39
33133133	34	26
33133211	36	59
33133212	36	57
33133213	36	44
33133221	36	58
33133222	36	56
33133223	36	43
33133231	36	44
33133232	36	42
33133233	36	29
33133311	31	44
33133312	31	42
33133313	31	29
33133321	31	43
33133322	31	41
33133323	31	28
33133331	31	29
33133332	31	27
33133333	31	14
33211111	46	37
33211112	46	47
33211113	46	52
33211121	46	46
33211122	46	56
33211123	46	61
33211131	46	52
33211132	46	62
33211133	46	67
33211211	47	44
33211212	47	54
33211213	47	59
33211221	47	53
33211222	47	63
33211223	47	68
33211231	47	59
33211232	47	69
33211233	47	74
33211311	53	49
33211312	53	59
33211313	53	64
33211321	53	58
33211322	53	68
33211323	53	73
33211331	53	64
33211332	53	74
33211333	53	79
33212111	42	54
33212112	42	44
33212113	42	57
33212121	42	45
33212122	42	35
33212123	42	48
33212131	42	59
33212132	42	49
33212133	42	62
33212211	43	47
33212212	43	37
33212213	43	50
33212221	43	38
33212222	43	28
33212223	43	41
33212231	43	52
33212232	43	42
33212233	43	55
33212311	49	62
33212312	49	52
33212313	49	65
33212321	49	53
33212322	49	43
33212323	49	56
33212331	49	67
33212332	49	57
33212333	49	70
33213111	60	69
33213112	60	67
33213113	60	54
33213121	60	68
33213122	60	66
33213123	60	53
33213131	60	54
33213132	60	52
33213133	60	39
33213211	62	72
33213212	62	70
33213213	62	57
33213221	62	71
33213222	62	69
33213223	62	56
33213231	62	57
33213232	62	55
33213233	62	42
33213311	57	57
33213312	57	55
33213313	57	42
33213321	57	56
33213322	57	54
33213323	57	41
33213331	57	42
33213332	57	40
33213333	57	27
33221111	35	49
33221112	35	59
33221113	35	64
33221121	35	58
33221122	35	68
33221123	35	73
33221131	35	64
33221132	35	74
33221133	35	79
33221211	36	56
33221212	36	66
33221213	36	71
33221221	36	65
33221222	36	75
33221223	36	80
33221231	36	71
33221232	36	81
33221233	36	86
33221311	42	61
33221312	42	71
33221313	42	76
33221321	42	70
33221322	42	80
33221323	42	85
33221331	42	76
33221332	42	86
33221333	42	91
33222111	19	42
33222112	19	32
33222113	19	45
33222121	19	33
33222122	19	23
33222123	19	36
33222131	19	47
33222132	19	37
33222133	19	50
33222211	20	35
33222212	20	25
33222213	20	38
33222221	20	26
33222222	20	16
33222223	20	29
33222231	20	40
33222232	20	30
33222233	20	43
33222311	26	50
33222312	26	40
33222313	26	53
33222321	26	41
33222322	26	31
33222323	26	44
33222331	26	55
33222332	26	45
33222333	26	58
33223111	40	69
33223112	40	67
33223113	40	54
33223121	40	68
33223122	40	66
33223123	40	53
33223131	40	54
33223132	40	52
33223133	40	39
33223211	42	72
33223212	42	70
33223213	42	57
33223221	42	71
33223222	42	69
33223223	42	56
33223231	42	57
33223232	42	55
33223233	42	42
33223311	37	57
33223312	37	55
33223313	37	42
33223321	37	56
33223322	37	54
33223323	37	41
33223331	37	42
33223332	37	40
33223333	37	27
33231111	36	50
33231112	36	60
33231113	36	65
33231121	36	59
33231122	36	69
33231123	36	74
33231131	36	65
33231132	36	75
33231133	36	80
33231211	37	57
33231212	37	67
33231213	37	72
33231221	37	66
33231222	37	76
33231223	37	81
33231231	37	72
33231232	37	82
33231233	37	87
33231311	43	62
33231312	43	72
33231313	43	77
33231321	43	71
33231322	43	81
33231323	43	86
33231331	43	77
33231332	43	87
33231333	43	92
33232111	24	55
33232112	24	45
33232113	24	58
33232121	24	46
33232122	24	36
33232123	24	49
33232131	24	60
33232132	24	50
33232133	24	63
33232211	25	48
33232212	25	38
33232213	25	51
33232221	25	39
33232222	25	29
33232223	25	42
33232231	25	53
33232232	25	43
33232233	25	56
33232311	31	63
33232312	31	53
33232313	31	66
33232321	31	54
33232322	31	44
33232323	31	57
33232331	31	68
33232332	31	58
33232333	31	71
33233111	33	56
33233112	33	54
33233113	33	41
33233121	33	55
33233122	33	53
33233123	33	40
33233131	33	41
33233132	33	39
33233133	33	26
33233211	35	59
33233212	35	57
33233213	35	44
33233221	35	58
33233222	35	56
33233223	35	43
33233231	35	44
33233232	35	42
33233233	35	29
33233311	30	44
33233312	30	42
33233313	30	29
33233321	30	43
33233322	30	41
33233323	30	28
33233331	30	29
33233332	30	27
33233333	30	14
33311111	53	45
33311112	53	55
33311113	53	60
33311121	53	54
33311122	53	64
33311123	53	69
33311131	53	60
33311132	53	70
33311133	53	75
33311211	57	52
33311212	57	62
33311213	57	67
33311221	57	61
33311222	57	71
33311223	57	76
33311231	57	67
33311232	57	77
33311233	57	82
33311311	52	57
33311312	52	67
33311313	52	72
33311321	52	66
33311322	52	76
33311323	52	81
33311331	52	72
33311332	52	82
33311333	52	87
33312111	49	68
33312112	49	58
33312113	49	71
33312121	49	59
33312122	49	49
33312123	49	62
33312131	49	73
33312132	49	63
33312133	49	76
33312211	53	61
33312212	53	51
33312213	53	64
33312221	53	52
33312222	53	42
33312223	53	55
33312231	53	66
33312232	53	56
33312233	53	69
33312311	48	76
33312312	48	66
33312313	48	79
33312321	48	67
33312322	48	57
33312323	48	70
33312331	48	81
33312332	48	71
33312333	48	84
33313111	41	55
33313112	41	53
33313113	41	40
33313121	41	54
33313122	41	52
33313123	41	39
33313131	41	40
33313132	41	38
33313133	41	25
33313211	46	58
33313212	46	56
33313213	46	43
33313221	46	57
33313222	46	55
33313223	46	42
33313231	46	43
33313232	46	41
33313233	46	28
33313311	30	43
33313312	30	41
33313313	30	28
33313321	30	42
33313322	30	40
33313323	30	27
33313331	30	28
33313332	30	26
33313333	30	13
33321111	49	57
33321112	49	67
33321113	49	72
33321121	49	66
33321122	49	76
33321123	49	81
33321131	49	72
33321132	49	82
33321133	49	87
33321211	53	64
33321212	53	74
33321213	53	79
33321221	53	73
33321222	53	83
33321223	53	88
33321231	53	79
33321232	53	89
33321233	53	94
33321311	48	69
33321312	48	79
33321313	48	84
33321321	48	78
33321322	48	88
33321323	48	93
33321331	48	84
33321332	48	94
33321333	48	99
33322111	33	56
33322112	33	46
33322113	33	59
33322121	33	47
33322122	33	37
33322123	33	50
33322131	33	61
33322132	33	51
33322133	33	64
33322211	37	49
33322212	37	39
33322213	37	52
33322221	37	40
33322222	37	30
33322223	37	43
33322231	37	54
33322232	37	44
33322233	37	57
33322311	32	64
33322312	32	54
33322313	32	67
33322321	32	55
33322322	32	45
33322323	32	58
33322331	32	69
33322332	32	59
33322333	32	72
33323111	28	55
33323112	28	53
33323113	28	40
33323121	28	54
33323122	28	52
33323123	28	39
33323131	28	40
33323132	28	38
33323133	28	25
33323211	33	58
33323212	33	56
33323213	33	43
33323221	33	57
33323222	33	55
33323223	33	42
33323231	33	43
33323232	33	41
33323233	33	28
33323311	17	43
33323312	17	41
33323313	17	28
33323321	17	42
33323322	17	40
33323323	17	27
33323331	17	28
33323332	17	26
33323333	17	13
33331111	40	58
33331112	40	68
33331113	40	73
33331121	40	67
33331122	40	77
33331123	40	82
33331131	40	73
33331132	40	83
33331133	40	88
33331211	44	65
33331212	44	75
33331213	44	80
33331221	44	74
33331222	44	84
33331223	44	89
33331231	44	80
33331232	44	90
33331233	44	95
33331311	39	70
33331312	39	80
33331313	39	85
33331321	39	79
33331322	39	89
33331323	39	94
33331331	39	85
33331332	39	95
33331333	39	95
33332111	28	69
33332112	28	59
33332113	28	72
33332121	28	60
33332122	28	50
33332123	28	63
33332131	28	74
33332132	28	64
33332133	28	77
33332211	32	62
33332212	32	52
33332213	32	65
33332221	32	53
33332222	32	43
33332223	32	56
33332231	32	67
33332232	32	57
33332233	32	70
33332311	27	77
33332312	27	67
33332313	27	80
33332321	27	68
33332322	27	58
33332323	27	71
33332331	27	82
33332332	27	72
33332333	27	85
33333111	11	42
33333112	11	40
33333113	11	27
33333121	11	41
33333122	11	39
33333123	11	26
33333131	11	27
33333132	11	25
33333133	11	12
33333211	16	45
33333212	16	43
33333213	16	30
33333221	16	44
33333222	16	42
33333223	16	29
33333231	16	30
33333232	16	28
33333233	16	15
33333311	0	30
33333312	0	28
33333313	0	15
33333321	0	29
33333322	0	27
33333323	0	14
33333331	0	15
33333332	0	13
33333333	0	0
# Average disruption <E> = 39.8889
# Average mutation <m> = 56.6647
